start_time,src_ip,src_port,dest_ip,dest_port,size
0.0033021349696459295,10.10.2.6,10099,10.10.1.10,11170,78187495.50382291
0.004616690070608644,10.10.2.6,10091,10.10.1.15,11164,756329.0006682043
0.027305033790665553,10.10.2.6,10030,10.10.1.1,11121,43469314.81058803
0.23281272131322378,10.10.2.6,10157,10.10.1.6,11024,3334.986707653903
0.24401614811406921,10.10.2.6,10053,10.10.1.13,11131,47774.298685042646
0.5365222777318315,10.10.2.6,10002,10.10.1.7,11134,34451.61872401404
0.6000381417456635,10.10.2.6,10146,10.10.1.7,11018,1920.9050797787945
0.639259998074002,10.10.2.6,10088,10.10.1.16,11140,5529470.5344848065
0.7840671931075053,10.10.2.6,10111,10.10.1.6,11159,10049.331954046507
0.9428918948630145,10.10.2.6,10071,10.10.1.13,11149,31609.65986737877
1.0185923836828266,10.10.2.6,10005,10.10.1.3,11094,7749.302333787864
1.19614656530148,10.10.2.6,10134,10.10.1.4,11128,8759.61214777463
1.242541450552567,10.10.2.6,10034,10.10.1.1,11117,23511.06138780377
1.2884766101964162,10.10.2.6,10073,10.10.1.14,11047,49542774.33173845
1.3479877163458802,10.10.2.6,10089,10.10.1.1,11179,17928.46873855463
1.3538157480242436,10.10.2.6,10030,10.10.1.6,11165,2093.662730956026
1.5220394680162868,10.10.2.6,10067,10.10.1.13,11095,2296.300582868807
1.7563999613288903,10.10.2.6,10155,10.10.1.9,11048,2419.2751381448793
1.997508436671407,10.10.2.6,10038,10.10.1.1,11131,594412.7170182671
2.043859715703634,10.10.2.6,10198,10.10.1.16,11051,28828.30705910017
2.0620105646573297,10.10.2.6,10102,10.10.1.9,11032,22194.110064365326
2.168939659687557,10.10.2.6,10103,10.10.1.8,11131,163387.26289694535
2.1823086047618596,10.10.2.6,10156,10.10.1.10,11050,49641.16852307175
2.2285611616596035,10.10.2.6,10057,10.10.1.6,11097,2151.6948125645386
2.4309608458651013,10.10.2.6,10134,10.10.1.6,11168,94493.42198974671
2.5990981423121235,10.10.2.6,10058,10.10.1.13,11180,46013.63702836962
2.900403316728886,10.10.2.6,10040,10.10.1.1,11156,238577.6103306206
2.9559262235001573,10.10.2.6,10111,10.10.1.2,11005,950758068.5350673
2.9810260757560223,10.10.2.6,10102,10.10.1.1,11135,6205.573430489473
3.005092602732058,10.10.2.6,10187,10.10.1.4,11002,81691.94173607987
3.016968140002619,10.10.2.6,10034,10.10.1.13,11146,12416.752579888715
3.0255073284438625,10.10.2.6,10066,10.10.1.11,11024,1400322732.3417997
3.0510429456000963,10.10.2.6,10128,10.10.1.6,11006,6215.446738623602
3.1340404843816447,10.10.2.6,10055,10.10.1.7,11159,1659.5838515554701
3.1481484634216996,10.10.2.6,10180,10.10.1.4,11037,16679.728730916613
3.210889098594287,10.10.2.6,10025,10.10.1.6,11034,19511.084483192786
3.2317674162491667,10.10.2.6,10089,10.10.1.16,11009,30382.439920455683
3.2683138907468057,10.10.2.6,10007,10.10.1.5,11010,43207.52984567718
3.276419527909331,10.10.2.6,10006,10.10.1.9,11051,2384.4127230095537
3.279785105443563,10.10.2.6,10179,10.10.1.7,11104,3777.0735459387615
3.385066150173609,10.10.2.6,10102,10.10.1.5,11022,36068.4977033854
3.4565262408626936,10.10.2.6,10131,10.10.1.15,11186,1133553927.3735166
3.6479054058378355,10.10.2.6,10166,10.10.1.13,11136,20015.984207987403
3.686928687793726,10.10.2.6,10009,10.10.1.5,11145,4106.7542935213805
3.7164623804739256,10.10.2.6,10028,10.10.1.6,11135,3833.4379551945285
3.7591130366656897,10.10.2.6,10026,10.10.1.2,11064,91618.80426160357
3.7871042344974537,10.10.2.6,10068,10.10.1.9,11111,3488.9369168212074
3.8983762275290403,10.10.2.6,10128,10.10.1.6,11152,3347.7944612403585
3.925171272920123,10.10.2.6,10015,10.10.1.2,11065,6204917.729236157
4.006394046619106,10.10.2.6,10108,10.10.1.10,11037,3202.8532258367823
4.324939033650073,10.10.2.6,10057,10.10.1.2,11032,2496.7697082255136
4.696410368237737,10.10.2.6,10143,10.10.1.10,11147,2418.0596105203745
4.720831596060503,10.10.2.6,10169,10.10.1.10,11011,4097286.878544263
4.739045945801873,10.10.2.6,10132,10.10.1.2,11155,1829.5122681181992
4.761655181132393,10.10.2.6,10149,10.10.1.4,11149,99877188.3581512
4.899606964535842,10.10.2.6,10175,10.10.1.2,11023,101562.93821449536
5.064293227646276,10.10.2.6,10150,10.10.1.11,11174,7430.179749161171
5.127787220665967,10.10.2.6,10054,10.10.1.16,11021,1156166132.1514869
5.458365536295049,10.10.2.6,10086,10.10.1.7,11156,5959876.289937891
5.494342283045775,10.10.2.6,10136,10.10.1.2,11153,2417.605661492538
5.511884088533533,10.10.2.6,10176,10.10.1.13,11148,35352464.11113995
5.642480564142146,10.10.2.6,10058,10.10.1.1,11160,18300.238527789857
5.773556148156279,10.10.2.6,10048,10.10.1.10,11162,5425.264136613285
5.836898549720418,10.10.2.6,10059,10.10.1.3,11124,12369.013351483107
5.898547709577772,10.10.2.6,10188,10.10.1.13,11130,16535.4975047264
5.979704822707277,10.10.2.6,10065,10.10.1.2,11160,6752.779427730638
5.982541262915725,10.10.2.6,10166,10.10.1.15,11131,590371.5955654248
6.070893745042316,10.10.2.6,10143,10.10.1.8,11076,53656.172730173
6.072465285356415,10.10.2.6,10095,10.10.1.13,11146,4943.905437061022
6.089757868784666,10.10.2.6,10086,10.10.1.13,11180,3360.8140925163734
6.128910915866942,10.10.2.6,10049,10.10.1.14,11070,7227.529986541013
6.363325396752155,10.10.2.6,10032,10.10.1.13,11077,117727.56683237758
6.463688867575203,10.10.2.6,10173,10.10.1.1,11100,5734005.091728396
6.53098073696542,10.10.2.6,10068,10.10.1.15,11170,392172.89313608565
6.556502803134978,10.10.2.6,10111,10.10.1.2,11130,60440546.99622285
6.631055510940151,10.10.2.6,10053,10.10.1.15,11130,3798.725377507067
6.6492362297547665,10.10.2.6,10076,10.10.1.11,11091,123227315.91539839
6.6911372257968145,10.10.2.6,10083,10.10.1.4,11148,5655.1631587221755
6.965407542387337,10.10.2.6,10195,10.10.1.1,11047,22044.418695657878
7.020107594731935,10.10.2.6,10123,10.10.1.8,11109,96159.87708081477
7.165308517894221,10.10.2.6,10006,10.10.1.1,11125,4575.218369781705
7.174209004846635,10.10.2.6,10186,10.10.1.16,11065,4171.599426403465
7.199079206827848,10.10.2.6,10144,10.10.1.12,11191,37414.914775125515
7.2957043506455586,10.10.2.6,10141,10.10.1.15,11102,1856.7950860431376
7.314040232373264,10.10.2.6,10137,10.10.1.12,11025,1755.6820325451458
7.3615969902860785,10.10.2.6,10026,10.10.1.15,11191,33239.32873760824
7.370778683287658,10.10.2.6,10116,10.10.1.16,11050,23254.472443244656
7.41636611852049,10.10.2.6,10174,10.10.1.16,11007,6476.823342944294
7.6007573804251525,10.10.2.6,10152,10.10.1.9,11065,24043.122295379602
7.731754078964342,10.10.2.6,10087,10.10.1.14,11095,24674.147748566236
7.816097348585639,10.10.2.6,10191,10.10.1.3,11175,1880.3220533313981
7.956261140878691,10.10.2.6,10162,10.10.1.6,11008,37155006.585189104
7.995521661953412,10.10.2.6,10032,10.10.1.14,11010,10661.889031297662
8.031085754038621,10.10.2.6,10115,10.10.1.4,11014,3796776.8845358603
8.106984759937815,10.10.2.6,10198,10.10.1.9,11174,2000.8364283007566
8.183442669515403,10.10.2.6,10077,10.10.1.2,11078,48039.090808367895
8.19035050171922,10.10.2.6,10174,10.10.1.6,11193,82681.46955557284
8.29527545554327,10.10.2.6,10066,10.10.1.9,11099,5191.040415739104
8.446356339972315,10.10.2.6,10006,10.10.1.16,11147,2880.4925619099213
8.44650306262907,10.10.2.6,10080,10.10.1.2,11034,2406.0351510998958
8.57954299122601,10.10.2.6,10012,10.10.1.6,11071,41086.87992942422
8.658607827236688,10.10.2.6,10100,10.10.1.13,11111,49878.221621056175
8.695484548742101,10.10.2.6,10009,10.10.1.4,11017,1586.3782682287645
8.83245174678183,10.10.2.6,10140,10.10.1.2,11138,8757.281192064534
8.85291170099043,10.10.2.6,10023,10.10.1.2,11106,4195.258822254839
8.923581731238572,10.10.2.6,10149,10.10.1.9,11159,3586.6716521660737
8.950912002824841,10.10.2.6,10010,10.10.1.4,11086,1529.2148874921706
9.019294506791365,10.10.2.6,10073,10.10.1.15,11171,4861.787200778957
9.126009170989045,10.10.2.6,10040,10.10.1.13,11068,2268.1026148394967
9.179670335919168,10.10.2.6,10188,10.10.1.12,11149,5256.2736644450615
9.327288536282737,10.10.2.6,10198,10.10.1.5,11174,4018.38967291097
9.484830903140098,10.10.2.6,10122,10.10.1.14,11088,1818.7725789136466
9.493146713916882,10.10.2.6,10174,10.10.1.15,11017,2473.17675255609
9.577581931196928,10.10.2.6,10110,10.10.1.8,11062,37446.99237104054
9.57981229574571,10.10.2.6,10046,10.10.1.16,11176,2243.490753806816
9.655388227016918,10.10.2.6,10090,10.10.1.13,11035,42173.994398803734
9.83605607778788,10.10.2.6,10190,10.10.1.5,11074,8163.772999624221
9.857081789944427,10.10.2.6,10006,10.10.1.8,11071,2233.55555684762
9.992677776384527,10.10.2.6,10034,10.10.1.14,11127,30316830.473792523
10.009855116370725,10.10.2.6,10115,10.10.1.12,11030,6020017.250770684
10.048386250245349,10.10.2.6,10094,10.10.1.1,11027,954595503.346443
10.319434304543757,10.10.2.6,10079,10.10.1.15,11070,29191.838573751167
10.38426136640613,10.10.2.6,10009,10.10.1.7,11106,4259292624.550183
10.608905060055958,10.10.2.6,10106,10.10.1.8,11153,3472.4359249710424
10.61786524321172,10.10.2.6,10062,10.10.1.3,11145,2327.3152293410576
10.874263339839226,10.10.2.6,10195,10.10.1.11,11034,34830364.88142515
10.913528413009768,10.10.2.6,10096,10.10.1.6,11114,121660.0993101088
10.921710606834298,10.10.2.6,10183,10.10.1.6,11125,119631.91151960715
10.94848894142441,10.10.2.6,10014,10.10.1.14,11070,11477.567454492439
10.953912970924224,10.10.2.6,10168,10.10.1.6,11081,3878386.947428785
11.098076306710109,10.10.2.6,10012,10.10.1.4,11114,21324.447842862868
11.145941085603106,10.10.2.6,10146,10.10.1.12,11181,9989064.262101902
11.166435522371938,10.10.2.6,10045,10.10.1.16,11152,2282.5868438469392
11.408931330685727,10.10.2.6,10069,10.10.1.7,11122,32822120.632322732
11.412870424227073,10.10.2.6,10106,10.10.1.10,11103,56557.72335656718
11.415038343970869,10.10.2.6,10070,10.10.1.8,11135,33592208.519549765
11.491870457261477,10.10.2.6,10192,10.10.1.8,11197,3808758.0009406907
11.648464135155566,10.10.2.6,10008,10.10.1.9,11016,29056.0228637165
11.883760089346953,10.10.2.6,10118,10.10.1.5,11152,46085225.69384869
11.982739070041342,10.10.2.6,10102,10.10.1.4,11053,3534.6413395087493
12.024257280340741,10.10.2.6,10193,10.10.1.13,11152,46419610.7359912
12.164458361804682,10.10.2.6,10172,10.10.1.16,11113,2373.722279378391
12.239105156240408,10.10.2.6,10090,10.10.1.13,11010,7651.717079865529
12.260870089979846,10.10.2.6,10166,10.10.1.8,11108,104293488.81867953
12.27486602943582,10.10.2.6,10017,10.10.1.16,11083,5468.381680147483
12.284283643104652,10.10.2.6,10183,10.10.1.7,11008,18351.388448022015
12.330042756752858,10.10.2.6,10164,10.10.1.9,11194,15833.47655356252
12.469506679837105,10.10.2.6,10012,10.10.1.1,11013,38607926.00078255
12.615104997518758,10.10.2.6,10076,10.10.1.13,11059,32431.759923114692
12.644872047428832,10.10.2.6,10002,10.10.1.8,11082,4029345.3859531437
12.651818304321809,10.10.2.6,10133,10.10.1.13,11020,18952.994210898883
12.674067910840536,10.10.2.6,10161,10.10.1.11,11025,8081.8266916330285
12.700799045002958,10.10.2.6,10150,10.10.1.13,11167,34893.93702396756
12.709362515378546,10.10.2.6,10016,10.10.1.1,11113,4808717.287238026
12.800967213935914,10.10.2.6,10039,10.10.1.10,11096,15415.330648575235
12.962597311150384,10.10.2.6,10081,10.10.1.10,11080,6847.509724890614
12.988270235879217,10.10.2.6,10130,10.10.1.8,11198,8402.740010457586
13.109571275041292,10.10.2.6,10031,10.10.1.5,11066,24562.146889859607
13.16262422902381,10.10.2.6,10160,10.10.1.7,11044,5267874.160510763
13.51760850465735,10.10.2.6,10084,10.10.1.12,11007,99774.07988687999
13.526244636035978,10.10.2.6,10128,10.10.1.7,11091,6002180.214634023
13.830062166748016,10.10.2.6,10077,10.10.1.4,11096,375630.96294225054
14.138791788582186,10.10.2.6,10020,10.10.1.8,11007,2587.553156215644
14.377322335665802,10.10.2.6,10080,10.10.1.14,11071,38861050.381060004
14.43289197984184,10.10.2.6,10110,10.10.1.1,11145,4246.060928439512
14.553322072243043,10.10.2.6,10058,10.10.1.3,11165,2248.8133800793444
14.964032107088192,10.10.2.6,10052,10.10.1.2,11092,5671063.204945725
14.995547443661675,10.10.2.6,10154,10.10.1.10,11146,20336.98908713085
15.02273115656874,10.10.2.6,10170,10.10.1.9,11048,26062.656512921254
15.074475285769285,10.10.2.6,10011,10.10.1.14,11086,1646.3396887381164
15.103852939894802,10.10.2.6,10016,10.10.1.3,11165,6538.586336360142
15.10714092394649,10.10.2.6,10046,10.10.1.13,11174,4898950.715357548
15.116632069298706,10.10.2.6,10170,10.10.1.14,11188,105124.60957769463
15.13522416830218,10.10.2.6,10062,10.10.1.15,11166,3686.5701524056035
15.19919846015111,10.10.2.6,10004,10.10.1.13,11000,3125.39500361876
15.304389101513964,10.10.2.6,10020,10.10.1.15,11176,8778.730376051635
15.500093285294133,10.10.2.6,10025,10.10.1.6,11127,3396.102539489809
15.532127020202605,10.10.2.6,10162,10.10.1.1,11175,167575.1099529271
15.604219603496821,10.10.2.6,10137,10.10.1.14,11038,30223.10408168071
15.634476513036397,10.10.2.6,10019,10.10.1.15,11192,2628.2019406312766
15.661399267785784,10.10.2.6,10036,10.10.1.7,11062,3388.0747582315053
15.802338487867827,10.10.2.6,10004,10.10.1.6,11165,33847304.09487069
15.952614710829426,10.10.2.6,10190,10.10.1.8,11144,49865.250252718935
15.963307307021454,10.10.2.6,10016,10.10.1.14,11150,411580.5736057444
15.976490903283667,10.10.2.6,10128,10.10.1.1,11051,42340558.02732556
16.028064356782437,10.10.2.6,10166,10.10.1.5,11192,2641.852720004942
16.154065766038467,10.10.2.6,10143,10.10.1.6,11125,7705.694239989666
16.19746780982382,10.10.2.6,10138,10.10.1.16,11146,28432.577488856714
16.270300589632487,10.10.2.6,10038,10.10.1.5,11043,2321.4878614819836
16.52423382369322,10.10.2.6,10029,10.10.1.15,11088,958012.2227723292
16.54641336870767,10.10.2.6,10115,10.10.1.5,11042,10868.470206041506
16.629338430376297,10.10.2.6,10044,10.10.1.13,11090,47731.99818477044
16.702119676932902,10.10.2.6,10096,10.10.1.9,11047,35827369.24504195
16.708807771143324,10.10.2.6,10007,10.10.1.2,11026,4696291.782620512
16.788269687910795,10.10.2.6,10173,10.10.1.7,11181,2430.1232096478443
16.90411770796792,10.10.2.6,10116,10.10.1.10,11140,18059.403221758774
16.998809108119588,10.10.2.6,10009,10.10.1.3,11111,41407814.16610469
17.00717669143271,10.10.2.6,10051,10.10.1.10,11149,2006.813167892463
17.02234213580971,10.10.2.6,10191,10.10.1.11,11046,2404.6338855623967
17.035394586483736,10.10.2.6,10018,10.10.1.2,11080,35778.97441049751
17.08709086280976,10.10.2.6,10151,10.10.1.10,11190,44584.20245395082
17.155446819734724,10.10.2.6,10055,10.10.1.15,11078,3174.8727479961835
17.37172421112458,10.10.2.6,10070,10.10.1.2,11160,95056.97727072999
17.408536478199537,10.10.2.6,10062,10.10.1.11,11018,1599.337820756239
17.637195027409422,10.10.2.6,10118,10.10.1.16,11084,7884.592357195452
17.87394737211298,10.10.2.6,10115,10.10.1.16,11126,36126.66511730455
17.885389309219082,10.10.2.6,10111,10.10.1.7,11003,3231.105180067585
18.18850575232952,10.10.2.6,10110,10.10.1.3,11109,995077580.6891388
18.336756614904516,10.10.2.6,10171,10.10.1.4,11090,7670.855189956808
18.69047851897894,10.10.2.6,10147,10.10.1.14,11002,22089.444019590217
18.768405140610675,10.10.2.6,10023,10.10.1.12,11156,113490421.82637978
18.993772019513894,10.10.2.6,10017,10.10.1.7,11136,17781.374876758673
19.004091304629497,10.10.2.6,10094,10.10.1.7,11021,4833.878668193293
19.166468666574907,10.10.2.6,10091,10.10.1.1,11017,4522.5318396470275
19.167521757765442,10.10.2.6,10097,10.10.1.3,11152,2380.0034536552616
19.17514687939762,10.10.2.6,10020,10.10.1.8,11133,17197.129616052596
19.276440041283134,10.10.2.6,10161,10.10.1.12,11120,7431.435906959076
19.36951438494551,10.10.2.6,10109,10.10.1.14,11184,2182.337279321888
19.43133510849636,10.10.2.6,10059,10.10.1.6,11077,7370.591773889911
19.602254546075713,10.10.2.6,10071,10.10.1.16,11186,1972.529540200151
19.75812267262439,10.10.2.6,10042,10.10.1.1,11116,3483.0784821170173
19.778739954066918,10.10.2.6,10044,10.10.1.6,11100,4916.58973275677
19.800614385524714,10.10.2.6,10103,10.10.1.1,11156,10144.240947935421
20.1456457130563,10.10.2.6,10099,10.10.1.12,11123,23791.41638823068
20.149243321360316,10.10.2.6,10052,10.10.1.8,11075,1903.0062818231572
20.286401896129608,10.10.2.6,10108,10.10.1.2,11182,2216.714179748414
20.30501104517001,10.10.2.6,10153,10.10.1.11,11079,4129205.6205020556
20.38820035139786,10.10.2.6,10173,10.10.1.2,11162,8106.709858339373
20.5104688694472,10.10.2.6,10158,10.10.1.16,11188,6195.229234111259
20.634041017416465,10.10.2.6,10008,10.10.1.7,11077,8149.948320271093
20.6494537629393,10.10.2.6,10154,10.10.1.4,11163,793304.975382882
21.030867393847778,10.10.2.6,10101,10.10.1.1,11106,9386.032380384146
21.09752090510776,10.10.2.6,10023,10.10.1.15,11025,4712.464756981399
21.34760589184026,10.10.2.6,10077,10.10.1.10,11066,27336.036299638603
21.40681949305711,10.10.2.6,10185,10.10.1.16,11109,8095.8425700163525
21.43247651640555,10.10.2.6,10134,10.10.1.3,11132,2164.248413703207
21.532121486079646,10.10.2.6,10138,10.10.1.3,11066,23908.084657861193
21.565606614367418,10.10.2.6,10196,10.10.1.8,11096,9512.788069442053
21.610842118613675,10.10.2.6,10093,10.10.1.1,11105,75826.90981991969
21.7937537611537,10.10.2.6,10174,10.10.1.10,11039,4687168.472443838
21.8255826800663,10.10.2.6,10168,10.10.1.1,11095,3812328.1807164764
21.88450211229543,10.10.2.6,10180,10.10.1.3,11099,16706.597115327084
21.888705156855544,10.10.2.6,10063,10.10.1.6,11115,8844.490384255598
21.90873473901517,10.10.2.6,10071,10.10.1.5,11196,28951.453412802053
21.950795046802508,10.10.2.6,10032,10.10.1.10,11153,8877.604637694125
22.0607153741137,10.10.2.6,10097,10.10.1.12,11041,2297.989983743478
22.069408635550605,10.10.2.6,10107,10.10.1.9,11138,10464.865859219528
22.111887996238977,10.10.2.6,10005,10.10.1.1,11012,2948.171685593781
22.2459296309709,10.10.2.6,10032,10.10.1.9,11022,10739.767274209406
22.260950375914163,10.10.2.6,10134,10.10.1.1,11083,29018.295912721056
22.42784237657239,10.10.2.6,10136,10.10.1.2,11198,9268.87862116558
22.43636540486002,10.10.2.6,10117,10.10.1.16,11037,59546.7369660986
22.44631792387921,10.10.2.6,10053,10.10.1.16,11087,39894047.081894964
22.447049671688116,10.10.2.6,10155,10.10.1.14,11109,21382.993280521572
22.55305964882041,10.10.2.6,10186,10.10.1.5,11082,32816.48033220436
22.75016560139867,10.10.2.6,10119,10.10.1.7,11070,2726.0368964063623
22.777891558857775,10.10.2.6,10021,10.10.1.7,11125,101424.645465559
22.88080617890094,10.10.2.6,10119,10.10.1.13,11060,1929.1219008242658
23.029017868670774,10.10.2.6,10153,10.10.1.14,11177,2446.2744188272986
23.07911885871339,10.10.2.6,10143,10.10.1.9,11049,188374.70331329698
23.12771346498261,10.10.2.6,10063,10.10.1.3,11145,2232.948113939503
23.151363364869894,10.10.2.6,10140,10.10.1.11,11081,73528.91451227712
23.422683752821765,10.10.2.6,10117,10.10.1.7,11122,1384412761.8931947
23.436958201889258,10.10.2.6,10181,10.10.1.4,11160,3906.7756100512465
23.600739128062663,10.10.2.6,10191,10.10.1.8,11002,3712.675917948304
23.713354551947898,10.10.2.6,10134,10.10.1.8,11138,1984.3072042392632
23.718614085146367,10.10.2.6,10180,10.10.1.4,11074,29567.366311080656
23.721420057675182,10.10.2.6,10090,10.10.1.3,11060,90719207.89783625
23.792425779130145,10.10.2.6,10146,10.10.1.5,11096,902695.9983342879
23.81978839332954,10.10.2.6,10100,10.10.1.4,11104,19447.935571246344
24.01898757594669,10.10.2.6,10046,10.10.1.5,11139,4763.948739719325
24.089879052964054,10.10.2.6,10128,10.10.1.5,11198,24682.95586521776
24.167613674143745,10.10.2.6,10032,10.10.1.3,11182,4783.844449453361
24.212388612888656,10.10.2.6,10115,10.10.1.12,11153,32574.24748950373
24.31291196831099,10.10.2.6,10071,10.10.1.7,11020,2429.81886998089
24.386588805595956,10.10.2.6,10194,10.10.1.4,11010,1754881560.6839938
24.438925548307047,10.10.2.6,10077,10.10.1.9,11183,45107.81416663872
24.442455497646872,10.10.2.6,10082,10.10.1.8,11073,23815.751755752135
24.47453507123028,10.10.2.6,10160,10.10.1.10,11101,109389.88733918553
24.483282836458418,10.10.2.6,10072,10.10.1.14,11021,6344.680107264557
24.5210722134835,10.10.2.6,10165,10.10.1.1,11058,10870.784372699529
24.610024884424973,10.10.2.6,10184,10.10.1.11,11143,7608.918670892618
24.629438937841517,10.10.2.6,10071,10.10.1.1,11025,48508.445568625226
24.640783656391967,10.10.2.6,10020,10.10.1.12,11171,1506.1873435802047
24.647579926109582,10.10.2.6,10050,10.10.1.15,11195,1772.9356198589385
24.68038009652698,10.10.2.6,10126,10.10.1.13,11176,32164.96071591975
24.70371732985572,10.10.2.6,10118,10.10.1.16,11119,37101.02901007997
24.779602814941807,10.10.2.6,10098,10.10.1.15,11048,4828482.747237195
24.78648122753234,10.10.2.6,10067,10.10.1.10,11159,228377.404529071
24.788940227064067,10.10.2.6,10089,10.10.1.15,11070,2816.4630592938743
24.796133446104303,10.10.2.6,10006,10.10.1.3,11155,8908.026965497422
24.858849774386886,10.10.2.6,10003,10.10.1.4,11181,6229.344122619939
24.91245995141207,10.10.2.6,10082,10.10.1.1,11087,17467.40064476518
24.921864887661005,10.10.2.6,10111,10.10.1.8,11180,10179.9342730678
25.00877337735451,10.10.2.6,10079,10.10.1.12,11106,114488.38849325158
25.013790760951498,10.10.2.6,10064,10.10.1.5,11029,4697903.637205747
25.22740065989646,10.10.2.6,10093,10.10.1.10,11031,24225.03212347238
25.427030901463354,10.10.2.6,10034,10.10.1.11,11187,4777.578832327132
25.511191992488207,10.10.2.6,10156,10.10.1.5,11170,1635.3653276950881
25.700844638511125,10.10.2.6,10031,10.10.1.10,11026,7900.3272828180725
25.754630792524082,10.10.2.6,10086,10.10.1.10,11168,23352.712863889472
25.947788934434726,10.10.2.6,10011,10.10.1.7,11003,2333.7371644121413
26.176639594323223,10.10.2.6,10161,10.10.1.13,11027,3038.413843203665
26.220843788004565,10.10.2.6,10024,10.10.1.1,11013,31908.89836707331
26.499129904084736,10.10.2.6,10090,10.10.1.12,11025,23799.17648028226
26.501089185776745,10.10.2.6,10124,10.10.1.2,11066,1990.30323256463
26.606518667698637,10.10.2.6,10038,10.10.1.6,11104,32335.483849386757
26.708717667765313,10.10.2.6,10060,10.10.1.6,11000,2041.6175686509318
26.844484568071078,10.10.2.6,10071,10.10.1.6,11194,101033.28010827632
26.858016744761848,10.10.2.6,10193,10.10.1.13,11048,111642.38166693407
27.26764346838011,10.10.2.6,10179,10.10.1.6,11127,1608.0839694029582
27.26780507047681,10.10.2.6,10140,10.10.1.8,11025,135553735.74017167
27.539970473806278,10.10.2.6,10036,10.10.1.1,11080,612960.3296026563
27.543699574332454,10.10.2.6,10104,10.10.1.11,11041,20828.522777594426
27.56026495117068,10.10.2.6,10098,10.10.1.6,11009,2118.7262096215222
27.61495643985439,10.10.2.6,10067,10.10.1.6,11016,9588.898751074465
27.722137045695664,10.10.2.6,10057,10.10.1.14,11063,26199.719077461854
27.732388847674613,10.10.2.6,10006,10.10.1.9,11120,9198.671741528806
27.77965213333042,10.10.2.6,10149,10.10.1.10,11080,2632.9136465518127
27.870803449510923,10.10.2.6,10095,10.10.1.1,11180,24608.63616368016
27.88187742275126,10.10.2.6,10050,10.10.1.8,11157,48118.89785982446
27.93570118639985,10.10.2.6,10176,10.10.1.9,11059,32367.365525980997
28.001441336388407,10.10.2.6,10137,10.10.1.12,11086,58077.48544447698
28.05353977039801,10.10.2.6,10131,10.10.1.14,11148,4083.252860614574
28.1640606171381,10.10.2.6,10088,10.10.1.2,11165,7835.074061295503
28.248928379858896,10.10.2.6,10170,10.10.1.7,11167,20927.225014461143
28.271735029974728,10.10.2.6,10061,10.10.1.15,11172,6946.103048338762
28.426099099110115,10.10.2.6,10081,10.10.1.1,11096,31080.345620187123
28.558488238705582,10.10.2.6,10043,10.10.1.3,11183,4346242.295970263
28.685616918984795,10.10.2.6,10189,10.10.1.1,11103,2356.921472034521
28.70075391455689,10.10.2.6,10007,10.10.1.13,11164,2591.198858928496
28.762360376551143,10.10.2.6,10029,10.10.1.9,11068,1597.0204996201478
28.895445115060703,10.10.2.6,10122,10.10.1.15,11181,36067425.25955429
28.993531520969366,10.10.2.6,10027,10.10.1.3,11083,21638.030713646833
29.039496522228276,10.10.2.6,10169,10.10.1.4,11186,6196.840246353427
29.152188686052096,10.10.2.6,10000,10.10.1.5,11045,32726.468972251965
29.162972602006683,10.10.2.6,10114,10.10.1.14,11117,32498.41108940412
29.603904895216033,10.10.2.6,10066,10.10.1.13,11156,1905.0278065523305
29.605809294969024,10.10.2.6,10088,10.10.1.7,11139,48060.915079237835
29.684995895965034,10.10.2.6,10198,10.10.1.2,11130,18032.258061386896
29.69186867337095,10.10.2.6,10037,10.10.1.3,11175,1765.5685911176836
29.702814437974222,10.10.2.6,10079,10.10.1.8,11138,33106.506221454496
29.7079837054077,10.10.2.6,10158,10.10.1.9,11066,16088.412474344563
29.86285367849426,10.10.2.6,10055,10.10.1.15,11159,18460.59550029198
29.884475342840332,10.10.2.6,10173,10.10.1.7,11020,22337.627707887677
30.23329980720244,10.10.2.6,10123,10.10.1.14,11190,4803.0556963209365
30.3542442109116,10.10.2.6,10057,10.10.1.1,11073,75735.68214009883
30.548919938981644,10.10.2.6,10106,10.10.1.7,11197,2832.011674842132
30.61783099431021,10.10.2.6,10047,10.10.1.4,11194,4265.6162526087755
30.6511669106861,10.10.2.6,10172,10.10.1.1,11097,23603.411416427098
30.80503726212189,10.10.2.6,10035,10.10.1.1,11112,62274.00914052475
30.821922942747197,10.10.2.6,10084,10.10.1.3,11037,1016116.8527519677
31.16677386451709,10.10.2.6,10019,10.10.1.1,11124,10971.456538566963
31.18340450789403,10.10.2.6,10152,10.10.1.11,11154,4224.5195381868725
31.292272608151375,10.10.2.6,10109,10.10.1.5,11086,11657771.494674271
31.666146122145545,10.10.2.6,10045,10.10.1.4,11148,16968.30310349939
32.11097926128602,10.10.2.6,10150,10.10.1.16,11087,115209.19562440552
32.149912506625924,10.10.2.6,10024,10.10.1.9,11186,38106.11748376459
32.18491017766682,10.10.2.6,10073,10.10.1.14,11071,75637.62121083868
32.68119778715086,10.10.2.6,10132,10.10.1.5,11066,2473.096099925499
32.70942764323933,10.10.2.6,10015,10.10.1.8,11010,88001.12710741891
32.750776694818924,10.10.2.6,10150,10.10.1.13,11189,123094.93704776301
32.97298892641941,10.10.2.6,10000,10.10.1.2,11158,19159.945270386168
33.335209178835655,10.10.2.6,10028,10.10.1.2,11004,17817.949851145637
33.34141385903908,10.10.2.6,10041,10.10.1.1,11166,78639874.8946756
33.38185791800546,10.10.2.6,10003,10.10.1.1,11114,26841.498309035305
33.59323673743949,10.10.2.6,10133,10.10.1.1,11178,20176.543122373834
33.75352768602556,10.10.2.6,10006,10.10.1.14,11189,2281.4444244822744
33.868641084600185,10.10.2.6,10151,10.10.1.10,11044,49482.48573383903
33.93711533360139,10.10.2.6,10090,10.10.1.1,11017,16596.744690925305
33.983634728520336,10.10.2.6,10097,10.10.1.6,11016,7363.542709021459
34.03205488154008,10.10.2.6,10025,10.10.1.6,11195,27439.005855208354
34.049328549106825,10.10.2.6,10120,10.10.1.12,11151,19657.41546042714
34.10363522635884,10.10.2.6,10194,10.10.1.15,11066,47946993.511831924
34.32826491129191,10.10.2.6,10174,10.10.1.14,11149,15783.672060612116
34.399919296708646,10.10.2.6,10157,10.10.1.5,11029,141903240.7586507
34.558254623737675,10.10.2.6,10131,10.10.1.12,11194,46320.04280138287
34.58049418773835,10.10.2.6,10173,10.10.1.13,11133,5841172.825173839
34.58472334247996,10.10.2.6,10026,10.10.1.4,11186,34822.11029225519
34.59109400249168,10.10.2.6,10095,10.10.1.11,11184,64904.15829890783
34.77902652725264,10.10.2.6,10157,10.10.1.16,11137,27206.218771276217
34.79517110669328,10.10.2.6,10192,10.10.1.8,11076,19257.467161587214
34.970845527309876,10.10.2.6,10104,10.10.1.14,11135,2272.5328321090187
34.98737387307436,10.10.2.6,10037,10.10.1.4,11027,4510.716546432486
34.988808177966476,10.10.2.6,10145,10.10.1.16,11135,2380.504495742661
35.1715062809258,10.10.2.6,10001,10.10.1.16,11150,34842.54587445535
35.30500562534989,10.10.2.6,10109,10.10.1.5,11136,3351.312377980402
35.4046456218226,10.10.2.6,10173,10.10.1.16,11019,62071.58616932687
35.655239107825736,10.10.2.6,10195,10.10.1.5,11063,49209066.54165666
35.691749842095305,10.10.2.6,10188,10.10.1.3,11176,74050.78328140161
35.710143457025254,10.10.2.6,10186,10.10.1.15,11005,46619.3041551897
35.764106822853755,10.10.2.6,10089,10.10.1.6,11007,2421.125405344405
35.78489232651982,10.10.2.6,10192,10.10.1.12,11145,2998.9812693445365
35.81916177975492,10.10.2.6,10047,10.10.1.12,11157,3180.2114238214654
35.82061126131308,10.10.2.6,10092,10.10.1.8,11143,45549.456289569636
35.82625780240626,10.10.2.6,10188,10.10.1.1,11167,1857.6952633702513
36.06170279892238,10.10.2.6,10157,10.10.1.4,11084,2825.553467560977
36.22905733414201,10.10.2.6,10118,10.10.1.15,11159,31529.33046247133
36.3452499360361,10.10.2.6,10171,10.10.1.4,11114,32103.69198749771
36.35516565855223,10.10.2.6,10175,10.10.1.11,11192,28598.324543742994
36.41510767348118,10.10.2.6,10180,10.10.1.10,11066,46944387.512769
36.565384481227504,10.10.2.6,10035,10.10.1.15,11070,100108.70593265574
36.57300196800909,10.10.2.6,10181,10.10.1.5,11025,3544.771040509081
37.072196157593524,10.10.2.6,10099,10.10.1.8,11069,34779.45538221939
37.076867753697506,10.10.2.6,10173,10.10.1.7,11017,8439.251762072463
37.14958511053168,10.10.2.6,10171,10.10.1.8,11178,3411.0436546327746
37.39466972520408,10.10.2.6,10133,10.10.1.9,11154,46398055.02956561
37.54721451825029,10.10.2.6,10022,10.10.1.4,11104,3644.6324825510055
37.57685996521562,10.10.2.6,10101,10.10.1.14,11036,45302.42472810937
37.600353996547106,10.10.2.6,10046,10.10.1.15,11164,4824065.236194354
37.66760211898182,10.10.2.6,10159,10.10.1.6,11061,16075.275578841003
37.956282531769084,10.10.2.6,10175,10.10.1.7,11027,6070194.415028354
37.99483921028014,10.10.2.6,10134,10.10.1.12,11057,5560637470.823198
38.36195662786835,10.10.2.6,10114,10.10.1.6,11000,6558.929295422561
38.42434811790583,10.10.2.6,10014,10.10.1.5,11059,7406.5062016344755
38.667287115395816,10.10.2.6,10025,10.10.1.2,11059,6558.155001014206
38.715838505388945,10.10.2.6,10025,10.10.1.12,11128,22486.21900909792
38.76896190238946,10.10.2.6,10176,10.10.1.7,11075,7320.803668697985
38.79097732601312,10.10.2.6,10191,10.10.1.14,11185,5957587.909541497
38.86980055377353,10.10.2.6,10144,10.10.1.9,11143,9289.016593070626
39.06223081361268,10.10.2.6,10190,10.10.1.9,11130,6851.313295415611
39.0856917968117,10.10.2.6,10011,10.10.1.5,11049,4769.106276763931
39.14231359741546,10.10.2.6,10132,10.10.1.16,11092,30687757.80323531
39.95885622368661,10.10.2.6,10131,10.10.1.16,11112,7017.374422228328
40.01389840236183,10.10.2.6,10088,10.10.1.3,11040,4194682.479780698
40.04824897207144,10.10.2.6,10009,10.10.1.4,11137,10674.058303655365
40.12227659207843,10.10.2.6,10164,10.10.1.14,11110,4291.482534025424
40.18323408686451,10.10.2.6,10164,10.10.1.16,11022,143845001.53537148
40.194534229593074,10.10.2.6,10106,10.10.1.15,11181,23318.17151873072
40.32993232262463,10.10.2.6,10179,10.10.1.12,11114,2164.700870529516
40.34364605942542,10.10.2.6,10132,10.10.1.2,11191,2095.245686505804
40.492570425045784,10.10.2.6,10092,10.10.1.15,11131,5791886.778398835
40.65532242528712,10.10.2.6,10171,10.10.1.10,11025,30322.137254707966
40.71499327077442,10.10.2.6,10070,10.10.1.2,11161,32154.63295966586
40.78693824297649,10.10.2.6,10054,10.10.1.4,11004,1737.1960142555054
40.861944129250325,10.10.2.6,10081,10.10.1.1,11162,7244.299344851225
40.92069392474807,10.10.2.6,10123,10.10.1.1,11101,12266.731656793016
41.041659499962925,10.10.2.6,10169,10.10.1.6,11072,1613.4278709603798
41.158467516259215,10.10.2.6,10119,10.10.1.14,11088,2353.283673320282
41.18637141943803,10.10.2.6,10145,10.10.1.7,11041,5115.603607729998
41.34337763353656,10.10.2.6,10170,10.10.1.9,11139,5659432.644035136
41.62417999555487,10.10.2.6,10170,10.10.1.7,11030,62833217.539106674
41.636469842624294,10.10.2.6,10059,10.10.1.1,11011,16607.998938144206
41.65766627243161,10.10.2.6,10092,10.10.1.6,11119,43276.35978887623
41.671388198208554,10.10.2.6,10032,10.10.1.8,11041,10369.61062059526
41.68564843260853,10.10.2.6,10105,10.10.1.13,11087,28421.787511402876
41.79394650011723,10.10.2.6,10078,10.10.1.8,11134,2464.375081004005
41.87402464436497,10.10.2.6,10080,10.10.1.7,11023,5735324.797902291
42.15804641528365,10.10.2.6,10187,10.10.1.3,11043,2063.0245442172745
42.1920273405529,10.10.2.6,10099,10.10.1.7,11009,31547.75154589818
42.19571202862195,10.10.2.6,10006,10.10.1.12,11125,18462.036453854078
42.34976915944874,10.10.2.6,10162,10.10.1.16,11153,5267.468766283342
42.518579371702465,10.10.2.6,10175,10.10.1.13,11195,20645.006777496816
42.62703148984885,10.10.2.6,10067,10.10.1.4,11132,2453.731009568867
42.81221526309954,10.10.2.6,10076,10.10.1.9,11017,68491.60656646932
42.8462916390187,10.10.2.6,10020,10.10.1.3,11025,81645.95882248305
42.85564756915389,10.10.2.6,10047,10.10.1.11,11074,4747362.971291311
42.872358179670165,10.10.2.6,10067,10.10.1.13,11194,113228.28696809277
43.00680950918585,10.10.2.6,10126,10.10.1.7,11192,2120.1388216521736
43.07452133187793,10.10.2.6,10133,10.10.1.12,11040,124917.8440764588
43.15152996293321,10.10.2.6,10162,10.10.1.10,11028,1820.986283993957
43.35390494703803,10.10.2.6,10117,10.10.1.16,11067,3077.6066835620554
43.470095752845054,10.10.2.6,10111,10.10.1.1,11044,78508.81619153725
43.47544602737069,10.10.2.6,10125,10.10.1.1,11044,50999.356335816025
43.58864107184963,10.10.2.6,10046,10.10.1.11,11003,78957278.65178405
43.61733361851011,10.10.2.6,10019,10.10.1.13,11036,15523.12706419966
43.65999977126182,10.10.2.6,10092,10.10.1.10,11032,3330.2436099540705
43.67000366145704,10.10.2.6,10064,10.10.1.6,11167,23784.918919890246
43.703490916198646,10.10.2.6,10118,10.10.1.5,11049,3307.474815833737
43.969102468397516,10.10.2.6,10196,10.10.1.2,11197,40535470.36288301
43.97929165134061,10.10.2.6,10198,10.10.1.2,11188,16826.32139027538
43.98666925941808,10.10.2.6,10083,10.10.1.14,11027,2741.135755304536
44.17251081840508,10.10.2.6,10113,10.10.1.1,11145,35967.230107704476
44.18771539444345,10.10.2.6,10024,10.10.1.14,11093,1656.5364117328606
44.196186535390865,10.10.2.6,10173,10.10.1.6,11005,4975.924568370607
44.22446405480519,10.10.2.6,10124,10.10.1.10,11010,8447.483456746499
44.25000301687071,10.10.2.6,10101,10.10.1.10,11043,1553.3846357871107
44.31477592293002,10.10.2.6,10049,10.10.1.7,11051,1730.3285223066437
44.34594907881007,10.10.2.6,10023,10.10.1.16,11101,15530.292246193669
44.41027698055926,10.10.2.6,10179,10.10.1.16,11088,215375.2159958326
44.45911099986973,10.10.2.6,10002,10.10.1.1,11169,16414.68599323231
44.46114909602463,10.10.2.6,10087,10.10.1.10,11099,24284.95812035641
44.47793334711157,10.10.2.6,10197,10.10.1.11,11011,5487950.647071745
44.65061474922943,10.10.2.6,10133,10.10.1.7,11149,2164.5417138901316
44.779330902869475,10.10.2.6,10195,10.10.1.8,11188,10449770.128030015
44.8506382641847,10.10.2.6,10110,10.10.1.14,11074,5117819.768583983
44.9499348023665,10.10.2.6,10177,10.10.1.13,11140,44336.25343459337
45.0312121972104,10.10.2.6,10118,10.10.1.7,11073,7045.422175406088
45.03279666505083,10.10.2.6,10009,10.10.1.6,11080,21262.217835315663
45.09472196720682,10.10.2.6,10158,10.10.1.3,11002,28497.394636219757
45.1123045462076,10.10.2.6,10173,10.10.1.1,11044,90364.3638284019
45.1802254311397,10.10.2.6,10169,10.10.1.8,11090,31728.44430516735
45.2309292880199,10.10.2.6,10111,10.10.1.6,11075,35121.8339668216
45.24347456942249,10.10.2.6,10070,10.10.1.4,11114,1323908547.5557315
45.24583521251267,10.10.2.6,10176,10.10.1.3,11112,24430.62991480281
45.28731274631847,10.10.2.6,10047,10.10.1.12,11177,4389771.914959844
45.4650736328801,10.10.2.6,10032,10.10.1.6,11161,5704455.935595576
45.61561189453161,10.10.2.6,10150,10.10.1.14,11176,4548209.644157528
45.664840917684046,10.10.2.6,10113,10.10.1.6,11183,19675.96674085552
45.69584510350734,10.10.2.6,10158,10.10.1.16,11018,17308.724818430717
45.76406968254397,10.10.2.6,10052,10.10.1.11,11037,8427.731327362502
45.799206464983925,10.10.2.6,10130,10.10.1.7,11107,71242.96281691939
45.84144484688984,10.10.2.6,10105,10.10.1.10,11106,100944.78487205389
45.97905968097463,10.10.2.6,10163,10.10.1.6,11023,3300.795252070261
46.02722953905832,10.10.2.6,10069,10.10.1.5,11136,22816.168870160916
46.17117997441214,10.10.2.6,10139,10.10.1.6,11020,46118.139552516564
46.20028155863958,10.10.2.6,10157,10.10.1.13,11076,28795.292170164434
46.24025692170723,10.10.2.6,10180,10.10.1.4,11051,121715.06143423454
46.28456796887525,10.10.2.6,10072,10.10.1.11,11057,75886.7448567601
46.30504444439571,10.10.2.6,10088,10.10.1.4,11070,2555.4401842059
46.37869992036623,10.10.2.6,10041,10.10.1.4,11163,18084.95442324432
46.44230887699174,10.10.2.6,10081,10.10.1.1,11060,1621.6714437156188
46.5500561329848,10.10.2.6,10000,10.10.1.5,11170,19555.939090732347
46.64283088226002,10.10.2.6,10066,10.10.1.12,11066,49122.90042396254
46.8191569862891,10.10.2.6,10009,10.10.1.11,11167,1735.1346501041915
46.857452666305214,10.10.2.6,10019,10.10.1.11,11196,41989.27440063515
46.901239150200944,10.10.2.6,10134,10.10.1.7,11158,35137.679699552435
47.022106987574745,10.10.2.6,10079,10.10.1.16,11053,38692022.06638036
47.02444854904014,10.10.2.6,10060,10.10.1.13,11116,2711.7346073445615
47.119642023279,10.10.2.6,10070,10.10.1.3,11170,4730134.561375413
47.4692576228715,10.10.2.6,10087,10.10.1.10,11011,32869087.105445135
47.51238103238361,10.10.2.6,10129,10.10.1.3,11171,2096.3181317523295
47.6165340317645,10.10.2.6,10053,10.10.1.5,11033,23760.101928078988
47.618979987207496,10.10.2.6,10063,10.10.1.10,11043,40894.54470585885
47.75902996640017,10.10.2.6,10118,10.10.1.11,11078,229774.67417688554
47.86642896986994,10.10.2.6,10024,10.10.1.16,11166,8361.08666385957
47.92729973132318,10.10.2.6,10013,10.10.1.12,11194,4518.241965203153
47.967949886545384,10.10.2.6,10009,10.10.1.15,11065,24741.388645278374
48.01695839129142,10.10.2.6,10042,10.10.1.3,11132,8434.569417509974
48.04226019133362,10.10.2.6,10165,10.10.1.8,11102,2445.932368652553
48.31734257274781,10.10.2.6,10132,10.10.1.7,11045,61825.53914431221
48.334244001325246,10.10.2.6,10034,10.10.1.16,11098,5105768.4329662835
48.3605242036681,10.10.2.6,10084,10.10.1.4,11132,36186.99244271993
48.38111090305176,10.10.2.6,10190,10.10.1.10,11197,1734.872633837032
48.64129288295996,10.10.2.6,10113,10.10.1.16,11107,3763914.7061991883
48.731860163469925,10.10.2.6,10127,10.10.1.13,11141,9448.482804431751
48.91890407222422,10.10.2.6,10109,10.10.1.16,11128,33874.112974073454
49.07163159471036,10.10.2.6,10146,10.10.1.9,11044,47085.386045545936
49.27375834796189,10.10.2.6,10123,10.10.1.4,11156,43095206.34365659
49.31201369865567,10.10.2.6,10101,10.10.1.15,11144,1667.6509601769485
49.438708611474254,10.10.2.6,10195,10.10.1.12,11044,36146.71038129246
49.68660334714351,10.10.2.6,10068,10.10.1.8,11080,4425.58305270349
49.72719399470965,10.10.2.6,10011,10.10.1.13,11171,34938.56085957707
49.73401807263602,10.10.2.6,10119,10.10.1.4,11014,19153.366198735337
49.76961584921235,10.10.2.6,10130,10.10.1.2,11059,10246.144973816325
49.82491831890892,10.10.2.6,10167,10.10.1.1,11163,38104.63484395943
49.836718063769055,10.10.2.6,10107,10.10.1.1,11131,5053381.7581609385
49.9783940950654,10.10.2.6,10016,10.10.1.7,11171,40478.167343089124
49.979430278087705,10.10.2.6,10023,10.10.1.6,11094,71785.91494971691
50.14780978643327,10.10.2.6,10164,10.10.1.4,11040,20642.63336080965
50.40113419978259,10.10.2.6,10035,10.10.1.13,11067,2119.6910219213632
50.44738026244118,10.10.2.6,10092,10.10.1.14,11039,2077.599955471516
50.4573517732385,10.10.2.6,10110,10.10.1.13,11189,2210.2826273489313
50.69549968626089,10.10.2.6,10044,10.10.1.5,11148,31320.84709040163
50.734630477576644,10.10.2.6,10123,10.10.1.10,11126,9425.284142747452
50.918201543350754,10.10.2.6,10074,10.10.1.11,11054,3033.975236362758
50.957363090069116,10.10.2.6,10070,10.10.1.4,11158,6237.219017313842
50.98090902968659,10.10.2.6,10046,10.10.1.14,11023,41791.66087997022
51.0563155922044,10.10.2.6,10009,10.10.1.3,11193,8723.638793936465
51.121564367571544,10.10.2.6,10065,10.10.1.12,11030,9812.227338079376
51.126203347566666,10.10.2.6,10166,10.10.1.8,11013,2061.3605467925695
51.23675164298606,10.10.2.6,10121,10.10.1.1,11038,4824198.1083548665
51.25965105536224,10.10.2.6,10157,10.10.1.2,11153,945086922.6172063
51.48320063388448,10.10.2.6,10172,10.10.1.2,11032,3109.3034233939575
51.51450275633198,10.10.2.6,10047,10.10.1.9,11157,33455790.77775532
51.52554942647758,10.10.2.6,10101,10.10.1.9,11090,5486.530903916604
51.62432860808639,10.10.2.6,10127,10.10.1.11,11015,18195.732504224798
51.65524618440355,10.10.2.6,10089,10.10.1.2,11014,9064.345154031475
51.77312102471747,10.10.2.6,10177,10.10.1.14,11073,2386.8114687041616
51.78755759539065,10.10.2.6,10133,10.10.1.12,11009,2040.3988377551182
51.80299574012155,10.10.2.6,10119,10.10.1.2,11066,1768.761497607404
51.89493737485329,10.10.2.6,10136,10.10.1.16,11053,3670.6853649479713
51.92066789797606,10.10.2.6,10106,10.10.1.1,11062,63223.20252451539
51.97651355237704,10.10.2.6,10117,10.10.1.6,11161,43782626.6548639
52.099776617069374,10.10.2.6,10021,10.10.1.3,11188,48008725.346429594
52.14813248699105,10.10.2.6,10042,10.10.1.2,11163,21076.321180836156
52.155839896886334,10.10.2.6,10173,10.10.1.10,11053,3356.0350873607376
52.156386868421016,10.10.2.6,10018,10.10.1.10,11173,3855.942823148338
52.18172107102557,10.10.2.6,10183,10.10.1.10,11166,9249.48016522815
52.34920975174557,10.10.2.6,10061,10.10.1.12,11021,6070.078892013382
52.733843716223646,10.10.2.6,10135,10.10.1.10,11173,45557.29042506851
52.74152248792476,10.10.2.6,10112,10.10.1.5,11025,32405.06198920649
52.75020043540602,10.10.2.6,10097,10.10.1.4,11159,30046.0182125616
52.86485804495274,10.10.2.6,10091,10.10.1.4,11195,2310.251090869293
52.896859143742,10.10.2.6,10140,10.10.1.5,11044,2408.434365985469
53.23218706961927,10.10.2.6,10150,10.10.1.13,11197,30207.680665786636
53.263370906830204,10.10.2.6,10094,10.10.1.1,11195,1682.7610552036926
53.594375061304326,10.10.2.6,10171,10.10.1.5,11007,4528.28435045981
53.61797018615241,10.10.2.6,10190,10.10.1.1,11142,73572.9208281013
53.7739963561768,10.10.2.6,10133,10.10.1.11,11183,10769.068601094916
53.89687838311701,10.10.2.6,10041,10.10.1.5,11128,1515.2454693077113
54.09793745657222,10.10.2.6,10043,10.10.1.4,11144,30568.988705063646
54.13610756874132,10.10.2.6,10081,10.10.1.10,11026,2664.671987619566
54.21076675469031,10.10.2.6,10010,10.10.1.13,11042,4753030.31714971
54.22132650514844,10.10.2.6,10073,10.10.1.7,11041,36558.24639041663
54.24795733625185,10.10.2.6,10048,10.10.1.7,11097,32668.98366659499
54.31897691343477,10.10.2.6,10054,10.10.1.9,11093,188724.28637018436
54.50696438446008,10.10.2.6,10169,10.10.1.1,11131,108803.52594937994
54.6711515591768,10.10.2.6,10170,10.10.1.2,11044,7341.0208910095225
54.68858363795562,10.10.2.6,10055,10.10.1.4,11034,21127.13697159988
54.74727095136708,10.10.2.6,10125,10.10.1.14,11089,5501.79938952737
54.82050818386246,10.10.2.6,10082,10.10.1.3,11116,3646.1977958273924
54.90533397266437,10.10.2.6,10139,10.10.1.7,11153,40737397.49592178
55.134751642873496,10.10.2.6,10114,10.10.1.3,11190,7425.193792294998
55.22002502449693,10.10.2.6,10039,10.10.1.16,11029,47771.22951705722
55.252942408507735,10.10.2.6,10058,10.10.1.5,11183,34618.20812632599
55.37599943262508,10.10.2.6,10026,10.10.1.9,11003,1086748858.9729285
55.49732424430095,10.10.2.6,10123,10.10.1.8,11130,1316338502.5992806
55.55326182092348,10.10.2.6,10147,10.10.1.5,11001,6888.974624496163
55.61974218255204,10.10.2.6,10079,10.10.1.3,11034,4898772.503449896
55.643227072931744,10.10.2.6,10169,10.10.1.15,11019,15920.427039858061
55.721905839028736,10.10.2.6,10153,10.10.1.11,11051,1972.425176211995
55.7623053558401,10.10.2.6,10102,10.10.1.8,11057,17688.640640020265
55.77526178825302,10.10.2.6,10014,10.10.1.6,11025,68975.74422465368
55.78573202266218,10.10.2.6,10128,10.10.1.16,11169,4142933.493519772
56.07670571989773,10.10.2.6,10027,10.10.1.15,11097,5691297.739038175
56.07789173188859,10.10.2.6,10151,10.10.1.6,11116,28480.181566239662
56.14374184608199,10.10.2.6,10130,10.10.1.16,11132,4898.448472815092
56.17568952190151,10.10.2.6,10015,10.10.1.10,11074,3232.5149658288697
56.23793318365839,10.10.2.6,10040,10.10.1.10,11043,15606.582433434267
56.33652199746941,10.10.2.6,10095,10.10.1.3,11121,1647.3100333714585
56.34789687198828,10.10.2.6,10164,10.10.1.6,11116,31550.2307815119
56.37458451573217,10.10.2.6,10188,10.10.1.12,11118,4273718.840862424
56.47583278573436,10.10.2.6,10160,10.10.1.8,11154,4174023.276729477
56.564359073088475,10.10.2.6,10075,10.10.1.6,11083,23164.28607440152
56.708623447701896,10.10.2.6,10137,10.10.1.3,11171,2423.239392385498
56.97051271639955,10.10.2.6,10052,10.10.1.15,11059,3188.7899850444733
56.97476697420065,10.10.2.6,10066,10.10.1.4,11167,32696.734861210134
57.01313056359127,10.10.2.6,10161,10.10.1.2,11026,45009.221453656624
57.08213557256527,10.10.2.6,10183,10.10.1.12,11171,2063.029720993297
57.19070298893408,10.10.2.6,10145,10.10.1.4,11110,23447.384147372086
57.33220791568271,10.10.2.6,10122,10.10.1.10,11089,2874.4382240279137
57.43252098508438,10.10.2.6,10112,10.10.1.5,11139,112104833.825581
57.45133260632459,10.10.2.6,10107,10.10.1.14,11114,40388008.56862148
57.52605002708656,10.10.2.6,10195,10.10.1.8,11109,3272.3891773648984
57.565006112331666,10.10.2.6,10058,10.10.1.6,11184,36302.45222573353
57.60135869344781,10.10.2.6,10000,10.10.1.13,11023,3536.3725195747793
57.69837704066206,10.10.2.6,10128,10.10.1.13,11122,20245.97146775441
57.82383039473082,10.10.2.6,10159,10.10.1.6,11018,5511587.288755495
57.85567453368322,10.10.2.6,10099,10.10.1.10,11139,11601.132449634084
57.864350135071334,10.10.2.6,10186,10.10.1.15,11175,21662.02173103205
58.03300855896795,10.10.2.6,10178,10.10.1.4,11051,7201.867371629665
58.10146051516095,10.10.2.6,10150,10.10.1.13,11064,1844.423395966815
58.32207904501719,10.10.2.6,10076,10.10.1.13,11160,4661659.043115222
58.407098544110745,10.10.2.6,10189,10.10.1.2,11063,1581.0838375624035
58.517183892046205,10.10.2.6,10040,10.10.1.7,11159,2892.744792631183
58.5875326982255,10.10.2.6,10098,10.10.1.1,11005,18066.166662964646
58.87495595108135,10.10.2.6,10072,10.10.1.7,11002,44224.26091968382
58.896471279742734,10.10.2.6,10042,10.10.1.13,11045,753130763.6414306
59.12327573621461,10.10.2.6,10192,10.10.1.6,11189,5427995.492089779
59.17946773031604,10.10.2.6,10188,10.10.1.12,11022,40870567.023789324
59.29200183807176,10.10.2.6,10059,10.10.1.6,11082,1536.5667619536368
59.379296479324225,10.10.2.6,10009,10.10.1.5,11042,7439.3874232978815
59.65110354649085,10.10.2.6,10047,10.10.1.3,11167,7819.167850651934
59.684841266243566,10.10.2.6,10181,10.10.1.1,11134,111600.57240618157
59.88298840312841,10.10.2.6,10066,10.10.1.14,11061,34908116.92811346
59.90307058290925,10.10.2.6,10166,10.10.1.5,11093,5137361.570318542
59.912140246771756,10.10.2.6,10082,10.10.1.4,11192,7325.326290052954
60.13920752330531,10.10.2.6,10055,10.10.1.16,11037,5459.610607986078
60.20355553587363,10.10.2.6,10174,10.10.1.15,11011,31433.362039392043
60.310226950379835,10.10.2.6,10169,10.10.1.3,11053,92106235.44123496
60.328583568755676,10.10.2.6,10059,10.10.1.2,11077,5551236.150050896
60.356952570069936,10.10.2.6,10085,10.10.1.14,11022,74503.33459562952
60.58337771455551,10.10.2.6,10145,10.10.1.4,11111,39482.39286756232
60.60410891915099,10.10.2.6,10126,10.10.1.7,11143,2363.114033745779
60.657769844673446,10.10.2.6,10161,10.10.1.11,11005,42854636.374360055
60.83664939817137,10.10.2.6,10188,10.10.1.8,11094,29204.78559257899
60.96575521441938,10.10.2.6,10071,10.10.1.7,11094,4431.241642504422
61.0796236034482,10.10.2.6,10063,10.10.1.11,11107,6632.6217516963725
61.26876297877315,10.10.2.6,10047,10.10.1.5,11011,8589.552192115638
61.58484758208886,10.10.2.6,10001,10.10.1.3,11052,2043.676783577463
61.72628501644194,10.10.2.6,10018,10.10.1.11,11028,143725336.8218264
61.88649121034322,10.10.2.6,10137,10.10.1.5,11069,5884901.567006713
61.92499499549563,10.10.2.6,10015,10.10.1.6,11057,5925.663551895146
61.96976945244445,10.10.2.6,10125,10.10.1.8,11029,92268.88110651817
62.07103432725573,10.10.2.6,10109,10.10.1.4,11152,3719.18136969251
62.182309252350244,10.10.2.6,10092,10.10.1.5,11187,6633.787989387136
62.19197988368445,10.10.2.6,10078,10.10.1.7,11054,1532.1674436974783
62.19715470387223,10.10.2.6,10069,10.10.1.2,11163,2274.6591287986494
62.208300678876626,10.10.2.6,10151,10.10.1.1,11054,7218.920800985708
62.307882302570604,10.10.2.6,10030,10.10.1.4,11084,49905.68464509136
62.44965726979131,10.10.2.6,10077,10.10.1.5,11033,1540.3295449640111
62.88227125732279,10.10.2.6,10013,10.10.1.12,11028,23206.658417367456
62.91200316161065,10.10.2.6,10029,10.10.1.7,11168,26045.5281014401
62.93397030895705,10.10.2.6,10166,10.10.1.11,11193,1560.3509219576415
62.972405556119284,10.10.2.6,10123,10.10.1.6,11137,7418.853833071209
63.12820485853407,10.10.2.6,10162,10.10.1.3,11004,23450.834384411475
63.21189569691894,10.10.2.6,10082,10.10.1.3,11002,11191.670688529897
63.30410791986458,10.10.2.6,10031,10.10.1.5,11067,118390.47204863538
63.58330732235414,10.10.2.6,10011,10.10.1.2,11140,12227.512796086618
63.63769023133242,10.10.2.6,10009,10.10.1.4,11182,33249.13064129009
63.805413944935864,10.10.2.6,10049,10.10.1.16,11008,6686.524014648417
63.8360293551051,10.10.2.6,10081,10.10.1.16,11107,3190.7660252979313
63.956892081182126,10.10.2.6,10109,10.10.1.13,11148,4387327.529514753
64.0351350538559,10.10.2.6,10118,10.10.1.4,11160,43094.48559406452
64.10520168378353,10.10.2.6,10187,10.10.1.15,11117,4414068.756301692
64.22536869631305,10.10.2.6,10021,10.10.1.7,11188,7363.992025398838
64.28017711102756,10.10.2.6,10031,10.10.1.13,11184,4865254.560608764
64.33129820611298,10.10.2.6,10047,10.10.1.1,11104,5650882501.350032
64.51075101387832,10.10.2.6,10088,10.10.1.8,11171,8894.955067659856
64.524427120066,10.10.2.6,10163,10.10.1.11,11083,8601.886553112781
64.6152932771086,10.10.2.6,10159,10.10.1.4,11056,4679861.356576236
64.65074620690314,10.10.2.6,10008,10.10.1.6,11196,22005.710492247897
64.80106440413904,10.10.2.6,10110,10.10.1.16,11168,100767.31809896052
64.9162537092469,10.10.2.6,10172,10.10.1.11,11023,8814156.687945578
65.11623445195086,10.10.2.6,10193,10.10.1.9,11184,5663.243836750143
65.11682980188002,10.10.2.6,10174,10.10.1.8,11066,46260.68064920171
65.15199054821635,10.10.2.6,10064,10.10.1.11,11035,43827.53396431169
65.19058111390669,10.10.2.6,10167,10.10.1.7,11010,34888.44950426566
65.45355022421062,10.10.2.6,10128,10.10.1.14,11087,759700860.8518374
65.58351957622973,10.10.2.6,10122,10.10.1.1,11111,21912.08615186801
65.65354297367763,10.10.2.6,10048,10.10.1.16,11029,49577.167505135396
65.76411467291666,10.10.2.6,10097,10.10.1.16,11053,5080.950660565407
65.76544433869137,10.10.2.6,10179,10.10.1.11,11055,3281.8349908360947
65.77183572624078,10.10.2.6,10133,10.10.1.14,11109,49125448.62193088
65.8479849957038,10.10.2.6,10007,10.10.1.7,11055,3742.479101432251
66.02043797287526,10.10.2.6,10158,10.10.1.6,11022,90166.35272193298
66.07072285373663,10.10.2.6,10136,10.10.1.13,11019,2361.165711618554
66.38818833120243,10.10.2.6,10093,10.10.1.10,11147,1517.5876717777408
66.59851995559038,10.10.2.6,10146,10.10.1.4,11116,8538.932391574337
66.75593210475502,10.10.2.6,10169,10.10.1.2,11053,2370.643019559803
66.81716346366589,10.10.2.6,10052,10.10.1.9,11125,36658844.50606144
66.9539112556702,10.10.2.6,10116,10.10.1.15,11021,1667.5852989292512
66.95542139601292,10.10.2.6,10177,10.10.1.6,11044,17893.12044698875
67.0374121563337,10.10.2.6,10005,10.10.1.1,11018,1888.7595829363788
67.06190619210766,10.10.2.6,10144,10.10.1.14,11111,32104.890527239546
67.07526968838788,10.10.2.6,10102,10.10.1.5,11022,35907.56158421259
67.4629146088786,10.10.2.6,10179,10.10.1.15,11042,9896.36402379741
67.73139562163648,10.10.2.6,10021,10.10.1.5,11120,1956.523249744661
67.81374336927597,10.10.2.6,10118,10.10.1.10,11150,25701.256646276885
67.86897493283267,10.10.2.6,10134,10.10.1.2,11026,7491.953274841978
68.0845800076294,10.10.2.6,10139,10.10.1.8,11090,48773.48797470773
68.17103001312216,10.10.2.6,10156,10.10.1.6,11104,11980.548616103973
68.26147479383626,10.10.2.6,10067,10.10.1.13,11124,5264531.263927986
68.38550982193438,10.10.2.6,10186,10.10.1.3,11165,86566.25111483282
68.51633783744334,10.10.2.6,10082,10.10.1.6,11140,121831.80857087967
68.51724712124665,10.10.2.6,10036,10.10.1.2,11196,193069.20927111543
68.52791245277773,10.10.2.6,10136,10.10.1.12,11108,24621.34651239433
68.66580008598136,10.10.2.6,10026,10.10.1.13,11104,2230.215595220172
68.97998054390054,10.10.2.6,10050,10.10.1.11,11093,6384.278600544131
69.10782515295716,10.10.2.6,10022,10.10.1.16,11153,4693.924260457997
69.1838571546602,10.10.2.6,10012,10.10.1.16,11075,21888.337951687758
69.43196094511993,10.10.2.6,10067,10.10.1.4,11057,22567.3156316591
69.54281254738298,10.10.2.6,10088,10.10.1.7,11048,101535.44261571996
69.69557796145499,10.10.2.6,10138,10.10.1.16,11121,3895390.7580686565
69.72510216736843,10.10.2.6,10172,10.10.1.12,11001,2135.885322944653
69.89943972695735,10.10.2.6,10140,10.10.1.3,11172,142582221.64305553
70.1009703514302,10.10.2.6,10197,10.10.1.12,11165,3943.354943445264
70.24464583692652,10.10.2.6,10110,10.10.1.12,11135,163063.4066604914
70.39611173283824,10.10.2.6,10023,10.10.1.11,11044,39888647.63687894
70.41325556985852,10.10.2.6,10053,10.10.1.9,11082,20299.576568536282
70.6292172909826,10.10.2.6,10078,10.10.1.16,11152,6607.4012948949185
70.67209787667456,10.10.2.6,10047,10.10.1.9,11114,24555.020454182173
70.67713620903928,10.10.2.6,10007,10.10.1.5,11031,5350809.437272594
70.71642848911056,10.10.2.6,10184,10.10.1.5,11135,4857868166.402552
70.72320785312242,10.10.2.6,10187,10.10.1.16,11091,5247020.258772552
70.83158336889181,10.10.2.6,10127,10.10.1.16,11020,1766.5333688424894
71.04808814520534,10.10.2.6,10130,10.10.1.6,11122,70201752.37392166
71.11994494509435,10.10.2.6,10089,10.10.1.1,11193,1818.101488285618
71.269560253985,10.10.2.6,10115,10.10.1.12,11178,43711.81070082505
71.29727787720888,10.10.2.6,10060,10.10.1.5,11008,32966.09847661227
71.3456424734887,10.10.2.6,10035,10.10.1.13,11057,69068429.5839132
71.34750500369135,10.10.2.6,10193,10.10.1.11,11078,32049.135916867523
71.57229519941849,10.10.2.6,10133,10.10.1.11,11194,32660656.031693786
71.64777043644133,10.10.2.6,10028,10.10.1.15,11183,933118.5507922544
71.7157147261698,10.10.2.6,10096,10.10.1.11,11182,21060.680007521878
72.02810632342522,10.10.2.6,10195,10.10.1.5,11027,2373.1708973240493
72.086419782476,10.10.2.6,10070,10.10.1.16,11031,18977.27668860148
72.09339745500132,10.10.2.6,10062,10.10.1.2,11092,48287.34841972465
72.10050279356943,10.10.2.6,10050,10.10.1.10,11145,4728663.071581026
72.16019533016873,10.10.2.6,10066,10.10.1.16,11043,17006.2172749199
72.36682129258782,10.10.2.6,10028,10.10.1.14,11176,4578528.864724628
72.46427000665065,10.10.2.6,10061,10.10.1.2,11007,146004130.52598953
72.53172395546218,10.10.2.6,10166,10.10.1.1,11088,23717.032267059436
72.57972709737065,10.10.2.6,10112,10.10.1.16,11099,32474143.72070492
72.6026416009472,10.10.2.6,10082,10.10.1.3,11053,31097.520988343706
72.69409298071947,10.10.2.6,10009,10.10.1.1,11072,34783.01739871159
72.98103299800148,10.10.2.6,10179,10.10.1.10,11070,10545.925142431359
73.04240765065181,10.10.2.6,10012,10.10.1.11,11103,46280.6712796261
73.12272571258451,10.10.2.6,10133,10.10.1.5,11068,39259.80388665123
73.17841129747177,10.10.2.6,10167,10.10.1.10,11012,5120374.521927975
73.24926283869162,10.10.2.6,10047,10.10.1.16,11039,1735.833962478565
73.32884850974025,10.10.2.6,10084,10.10.1.10,11043,1673.7553514265417
73.3503295207811,10.10.2.6,10050,10.10.1.7,11099,27459.019439334395
73.35838242238384,10.10.2.6,10081,10.10.1.1,11176,39965.12906995001
73.40515210157729,10.10.2.6,10087,10.10.1.12,11027,2348.0118579047817
73.54905652396906,10.10.2.6,10052,10.10.1.11,11048,761260.5586605876
73.59816732359346,10.10.2.6,10156,10.10.1.10,11063,19975.685934632304
73.66598750102858,10.10.2.6,10083,10.10.1.14,11013,16247.606691635012
73.68233259767085,10.10.2.6,10072,10.10.1.12,11102,24838.670374491656
73.72239212470704,10.10.2.6,10073,10.10.1.1,11101,22034.4558249452
74.04006225230411,10.10.2.6,10132,10.10.1.10,11084,48780031.76098872
74.05721078597917,10.10.2.6,10167,10.10.1.6,11044,99089231.66507098
74.09027526796046,10.10.2.6,10105,10.10.1.2,11116,1643.0973910563125
74.14486390878521,10.10.2.6,10150,10.10.1.14,11183,4675.872932760217
74.15144047466593,10.10.2.6,10148,10.10.1.1,11153,5175.601093374274
74.25692213055163,10.10.2.6,10173,10.10.1.14,11111,1765.0876779784483
74.30595245336757,10.10.2.6,10153,10.10.1.7,11140,1708.2456076402302
74.36317669174143,10.10.2.6,10122,10.10.1.2,11053,24920.870713266548
74.40318404095224,10.10.2.6,10180,10.10.1.1,11088,44819.824538864494
74.4126157182688,10.10.2.6,10111,10.10.1.7,11053,5088331.855074918
74.48433361901105,10.10.2.6,10091,10.10.1.15,11159,6056.994085182228
74.83921970040389,10.10.2.6,10035,10.10.1.11,11091,2930.676511240396
74.92942506235559,10.10.2.6,10053,10.10.1.7,11021,43922.4951011838
74.96755974616109,10.10.2.6,10118,10.10.1.14,11187,2424.3866312819887
75.15834752578799,10.10.2.6,10122,10.10.1.15,11104,4463.040035703998
75.17134859432795,10.10.2.6,10027,10.10.1.13,11085,15427.958007064604
75.60182859974257,10.10.2.6,10056,10.10.1.12,11106,1908.154978864707
75.69016340499437,10.10.2.6,10069,10.10.1.13,11021,39365587.566991724
75.83940463371839,10.10.2.6,10139,10.10.1.12,11171,4109912.9981684377
75.92789336748147,10.10.2.6,10063,10.10.1.16,11136,2327.918669895815
75.97213394558838,10.10.2.6,10060,10.10.1.12,11118,15753.642427719868
75.97827738386894,10.10.2.6,10030,10.10.1.13,11098,5289256.845483106
75.9853696993512,10.10.2.6,10062,10.10.1.5,11034,5320611.577408827
76.01770903586659,10.10.2.6,10080,10.10.1.13,11006,7976.356324552886
76.16388665522871,10.10.2.6,10019,10.10.1.4,11052,98819386.89656225
76.17655516454406,10.10.2.6,10112,10.10.1.6,11097,167519.24188323325
76.17799907352354,10.10.2.6,10006,10.10.1.8,11105,23874.96285518788
76.20558810336001,10.10.2.6,10196,10.10.1.2,11020,3998423.0723425583
76.25152358748443,10.10.2.6,10024,10.10.1.11,11170,1111841.7321580562
76.28233898528977,10.10.2.6,10040,10.10.1.6,11098,1002559.0317679454
76.33526625780607,10.10.2.6,10181,10.10.1.15,11063,5494.680900312371
76.35847931127407,10.10.2.6,10186,10.10.1.13,11013,16048.875045557383
76.43337538227291,10.10.2.6,10113,10.10.1.3,11052,32651.749790620714
76.56140928224661,10.10.2.6,10131,10.10.1.11,11038,6234400.176240177
76.65290667061805,10.10.2.6,10051,10.10.1.7,11176,5725139199.339041
76.78475706943782,10.10.2.6,10152,10.10.1.2,11160,166212.86176612688
76.87955290519584,10.10.2.6,10173,10.10.1.15,11097,108270.01173989696
77.00508487361894,10.10.2.6,10197,10.10.1.11,11058,16596.26947304674
77.06597708184843,10.10.2.6,10101,10.10.1.11,11001,27239.82527826623
77.08852988417587,10.10.2.6,10130,10.10.1.10,11060,1655.6415539449754
77.16660644315346,10.10.2.6,10080,10.10.1.6,11028,23562.084275586807
77.24983283077235,10.10.2.6,10022,10.10.1.6,11161,2694.0266764511343
77.35621476286867,10.10.2.6,10026,10.10.1.13,11063,9310.519211727544
77.4076703194864,10.10.2.6,10125,10.10.1.3,11148,10006.427817574493
77.48232334546256,10.10.2.6,10125,10.10.1.8,11020,6189201878.080608
77.5104486882159,10.10.2.6,10112,10.10.1.2,11037,2445.171742955092
77.65221711004138,10.10.2.6,10121,10.10.1.10,11101,8171.452685788961
77.72791178419307,10.10.2.6,10144,10.10.1.10,11126,2178.621296400442
77.73048907261781,10.10.2.6,10092,10.10.1.6,11132,1947.1045446070311
77.85886640310021,10.10.2.6,10161,10.10.1.1,11051,222040.86126272046
77.91066442480539,10.10.2.6,10152,10.10.1.12,11024,3381.3750994454635
77.97544356873894,10.10.2.6,10030,10.10.1.9,11013,5416758.623284824
78.07948625030059,10.10.2.6,10098,10.10.1.10,11008,31149.075388882033
78.19130608569878,10.10.2.6,10154,10.10.1.11,11062,60229.4485373382
78.45826575910309,10.10.2.6,10151,10.10.1.9,11087,11064510154.21353
78.49561156498092,10.10.2.6,10072,10.10.1.6,11126,2807.6331449982986
78.53270005537958,10.10.2.6,10070,10.10.1.9,11001,1525.0312076661394
78.58611310637835,10.10.2.6,10080,10.10.1.15,11174,1746.9583839951076
78.62221448635435,10.10.2.6,10026,10.10.1.11,11052,528274.4623869036
78.62504192552834,10.10.2.6,10063,10.10.1.8,11138,11978.796309337731
78.93180171234354,10.10.2.6,10098,10.10.1.16,11060,30560438.333202038
78.95071204802278,10.10.2.6,10032,10.10.1.11,11097,9511.333685688112
79.17794390654593,10.10.2.6,10015,10.10.1.7,11174,31349431.872438155
79.32266179438473,10.10.2.6,10193,10.10.1.9,11013,19518.19192364682
79.36090541360574,10.10.2.6,10077,10.10.1.16,11188,4925195.896701793
79.7032383394672,10.10.2.6,10098,10.10.1.10,11130,135192016.6629949
79.84883577391456,10.10.2.6,10192,10.10.1.2,11140,1870.529415190952
79.92990884679391,10.10.2.6,10159,10.10.1.5,11160,4855374107.8948
80.07710171905141,10.10.2.6,10128,10.10.1.13,11143,19644.94487629623
80.07899233298734,10.10.2.6,10042,10.10.1.15,11119,3148.931521553555
80.66053341080115,10.10.2.6,10153,10.10.1.15,11059,22891.679527320175
81.09207947736412,10.10.2.6,10158,10.10.1.16,11174,1794.7722987163702
81.10567319553752,10.10.2.6,10095,10.10.1.4,11040,5938.94383894532
81.14984734072854,10.10.2.6,10071,10.10.1.3,11011,4388.339091202401
81.17194472023434,10.10.2.6,10147,10.10.1.8,11128,6549.355139800551
81.38057853962911,10.10.2.6,10062,10.10.1.16,11177,105939.83574853516
81.49712065981724,10.10.2.6,10020,10.10.1.5,11023,2469.472320961357
81.5504229246866,10.10.2.6,10162,10.10.1.14,11149,24519.826758779884
81.62812710859694,10.10.2.6,10068,10.10.1.10,11113,40643.837337588506
81.70781214259165,10.10.2.6,10098,10.10.1.13,11186,2533.7021175698887
81.74217684153528,10.10.2.6,10056,10.10.1.14,11169,3258.443140800032
81.7938453399036,10.10.2.6,10169,10.10.1.5,11095,89450.52142481654
81.80449321383098,10.10.2.6,10012,10.10.1.12,11025,2268.9232767079384
81.93035911694516,10.10.2.6,10084,10.10.1.10,11150,5475801.044470101
81.94419420761267,10.10.2.6,10150,10.10.1.14,11192,2026.8044415400407
82.0292841434349,10.10.2.6,10019,10.10.1.5,11069,495588.16684655147
82.03026791448917,10.10.2.6,10177,10.10.1.7,11165,19308.79483960711
82.06751478714293,10.10.2.6,10123,10.10.1.6,11157,49993546.50285569
82.1541224528509,10.10.2.6,10188,10.10.1.8,11088,2474.2197493668164
82.30187332939967,10.10.2.6,10145,10.10.1.16,11069,7457.634680670356
82.48881108992248,10.10.2.6,10024,10.10.1.6,11079,74187.30449940519
82.5944600404087,10.10.2.6,10177,10.10.1.12,11065,91476685.65733641
82.6799294346426,10.10.2.6,10072,10.10.1.3,11028,7404.1703264480775
82.81012990185386,10.10.2.6,10030,10.10.1.9,11076,19943.347543080083
83.04075872917194,10.10.2.6,10103,10.10.1.15,11135,2615.881133996026
83.07145014462462,10.10.2.6,10188,10.10.1.16,11175,6824.4825796826035
83.15736732500783,10.10.2.6,10109,10.10.1.12,11185,3747.5833207675114
83.16374595752205,10.10.2.6,10048,10.10.1.6,11094,7232.691837826414
83.17128958604454,10.10.2.6,10043,10.10.1.11,11101,9488.460052360588
83.19833991881904,10.10.2.6,10082,10.10.1.5,11069,10270.661964683384
83.33986801698994,10.10.2.6,10023,10.10.1.4,11166,1912.7652386728944
83.42578507380509,10.10.2.6,10081,10.10.1.15,11186,9957.04861890854
83.58292820276891,10.10.2.6,10075,10.10.1.15,11032,24967.326654982026
83.60494719589671,10.10.2.6,10057,10.10.1.6,11088,21274.907440441802
83.63013753164516,10.10.2.6,10082,10.10.1.15,11091,47428.55803811947
83.70184300604492,10.10.2.6,10090,10.10.1.16,11122,4577149128.144952
83.93219651832351,10.10.2.6,10034,10.10.1.15,11040,92893.01470625844
83.96928687597017,10.10.2.6,10162,10.10.1.5,11045,28057.097628902542
84.0179633948025,10.10.2.6,10188,10.10.1.3,11100,18092.28758133507
84.10489279101401,10.10.2.6,10054,10.10.1.12,11116,5291511.535837139
84.11265662306478,10.10.2.6,10078,10.10.1.15,11007,2430.984155952363
84.2002286238141,10.10.2.6,10152,10.10.1.7,11174,1717.5159497773416
84.23240933370379,10.10.2.6,10161,10.10.1.7,11184,4634.940524735524
84.35885115824786,10.10.2.6,10051,10.10.1.9,11129,1772.2503404549489
84.38223373215628,10.10.2.6,10107,10.10.1.10,11197,7935.178661331439
84.43034534867157,10.10.2.6,10102,10.10.1.5,11179,9638.226159469607
84.75925987246221,10.10.2.6,10097,10.10.1.11,11119,62751.39356073936
84.78298485584949,10.10.2.6,10141,10.10.1.10,11086,558959.9056998477
84.81967805375385,10.10.2.6,10080,10.10.1.10,11060,33056.135818614486
84.8460506447456,10.10.2.6,10134,10.10.1.6,11172,17558.717676366225
84.85272897320623,10.10.2.6,10130,10.10.1.14,11174,9349.633469534507
84.87832974476466,10.10.2.6,10033,10.10.1.10,11012,29790.104566268652
85.01019934629295,10.10.2.6,10016,10.10.1.9,11065,36214.402172537135
85.09309580000765,10.10.2.6,10137,10.10.1.1,11102,7161.663963590508
85.12669763130916,10.10.2.6,10089,10.10.1.4,11020,4870314.919809374
85.29189718393549,10.10.2.6,10082,10.10.1.1,11174,1990.433981111125
85.46912668816344,10.10.2.6,10002,10.10.1.6,11067,17634.06937818686
85.55307340614164,10.10.2.6,10137,10.10.1.5,11185,15601.448786084688
85.65555036609669,10.10.2.6,10127,10.10.1.16,11055,127526274.60874048
85.67462237544213,10.10.2.6,10043,10.10.1.7,11075,22711.364942226402
85.69563651845866,10.10.2.6,10186,10.10.1.14,11153,8056.713820625214
85.89996397597285,10.10.2.6,10092,10.10.1.6,11179,45459.523400949685
85.92282017746037,10.10.2.6,10019,10.10.1.7,11009,18756.370262808803
85.97709278134622,10.10.2.6,10002,10.10.1.3,11023,41303.18465272956
86.01403967947812,10.10.2.6,10128,10.10.1.16,11138,6949.034305677805
86.18876440677288,10.10.2.6,10056,10.10.1.16,11123,5412.355955695749
86.19448810753104,10.10.2.6,10165,10.10.1.1,11147,15922.058464037556
86.24687740716504,10.10.2.6,10134,10.10.1.6,11133,1146900347.329096
86.35838598237382,10.10.2.6,10164,10.10.1.14,11037,4593.826411131338
86.57134656626914,10.10.2.6,10161,10.10.1.16,11150,5894614.379465823
86.58192133155981,10.10.2.6,10082,10.10.1.10,11162,447057.29175335733
86.79647203987274,10.10.2.6,10110,10.10.1.7,11113,3578.0685285733775
86.92318225081226,10.10.2.6,10197,10.10.1.8,11144,4938.618749592331
86.95461049464956,10.10.2.6,10014,10.10.1.4,11144,5926.424730832292
87.07737098905952,10.10.2.6,10092,10.10.1.3,11036,3234.40005310653
87.07980622115898,10.10.2.6,10006,10.10.1.14,11128,34867760.977687106
87.30856860818167,10.10.2.6,10052,10.10.1.3,11163,57410.48937431277
87.38262702691819,10.10.2.6,10123,10.10.1.6,11176,28669.13509455213
87.56160246308052,10.10.2.6,10015,10.10.1.3,11176,50971.956184464805
87.62936995293981,10.10.2.6,10109,10.10.1.8,11002,19611.34372533747
87.72354504869178,10.10.2.6,10041,10.10.1.10,11110,7169.647170438795
87.75735643134485,10.10.2.6,10048,10.10.1.10,11004,17781.329192105946
87.75964463110626,10.10.2.6,10074,10.10.1.3,11186,8965.369241615004
87.80663755339363,10.10.2.6,10065,10.10.1.2,11029,8402.844721199719
87.84676732532412,10.10.2.6,10000,10.10.1.7,11174,34448.600128861224
87.84899672265273,10.10.2.6,10156,10.10.1.4,11116,2449.012033571668
87.93205153944072,10.10.2.6,10019,10.10.1.15,11193,10884.501898548602
88.00030234353042,10.10.2.6,10086,10.10.1.11,11027,1718.2068997705721
88.11498557550492,10.10.2.6,10009,10.10.1.4,11162,2133.923827630437
88.21782122715837,10.10.2.6,10030,10.10.1.10,11190,12243.852502128468
88.24790549049347,10.10.2.6,10147,10.10.1.9,11131,115546.01801090554
88.28268633511169,10.10.2.6,10079,10.10.1.3,11181,2140.7192762319296
88.37460360790286,10.10.2.6,10144,10.10.1.1,11052,1859.7706005946482
88.396344857435,10.10.2.6,10131,10.10.1.16,11050,44327.62345754749
88.4826152358979,10.10.2.6,10008,10.10.1.5,11111,70134.33013905027
88.56287338165326,10.10.2.6,10101,10.10.1.7,11109,5187944.644265321
88.64066042300928,10.10.2.6,10183,10.10.1.1,11017,6729.897956037667
88.75252750300386,10.10.2.6,10073,10.10.1.5,11024,6203357.409893701
88.92017334574837,10.10.2.6,10041,10.10.1.6,11044,5927.331194925856
89.07032585729756,10.10.2.6,10132,10.10.1.9,11158,3501.3309950138187
89.0919120726162,10.10.2.6,10088,10.10.1.1,11091,45017.20065785018
89.22002536521646,10.10.2.6,10172,10.10.1.11,11094,5727989.803240943
89.32014587530335,10.10.2.6,10034,10.10.1.13,11090,4125073.0709861196
89.33934616292166,10.10.2.6,10029,10.10.1.10,11043,33588.47344212453
89.48178519953922,10.10.2.6,10011,10.10.1.7,11180,4659.0160235954045
89.51769029975426,10.10.2.6,10003,10.10.1.1,11184,2067.3613279945935
89.76294182068526,10.10.2.6,10118,10.10.1.12,11005,4391.843795952134
89.7714110565311,10.10.2.6,10169,10.10.1.2,11119,46899540.63414164
89.88814984973445,10.10.2.6,10015,10.10.1.10,11021,5826421.058529489
89.92552115229485,10.10.2.6,10128,10.10.1.13,11143,30212.421796328326
89.95807466071811,10.10.2.6,10113,10.10.1.14,11066,23859.162580226006
89.9683666745978,10.10.2.6,10002,10.10.1.9,11189,45556.94396307084
90.02849113780039,10.10.2.6,10064,10.10.1.12,11076,2133.7639486594585
90.03076711151242,10.10.2.6,10127,10.10.1.9,11126,46272.93942882519
90.06793201505596,10.10.2.6,10142,10.10.1.6,11191,5227654.060509807
90.0815608632168,10.10.2.6,10133,10.10.1.5,11064,2237.93494500177
90.1179117518238,10.10.2.6,10082,10.10.1.6,11102,3069.8086421466096
90.15814205697032,10.10.2.6,10114,10.10.1.10,11029,2651.3849277414342
90.2205368696106,10.10.2.6,10165,10.10.1.12,11129,3930084.337923213
90.27374524520594,10.10.2.6,10086,10.10.1.13,11098,8120.964590767316
90.32088671742758,10.10.2.6,10151,10.10.1.13,11027,3561.051771280893
90.32667797250554,10.10.2.6,10173,10.10.1.3,11020,6325.167290079375
90.35932887968113,10.10.2.6,10040,10.10.1.2,11051,4822512.19969632
90.37830250612866,10.10.2.6,10143,10.10.1.16,11101,2395.441505759285
90.38432277568498,10.10.2.6,10104,10.10.1.10,11107,48419.542930025345
90.41347216163324,10.10.2.6,10096,10.10.1.14,11036,5606.698180247388
90.55393648507554,10.10.2.6,10086,10.10.1.14,11170,3150.01094157965
90.74161312472933,10.10.2.6,10173,10.10.1.16,11077,75816.43770819985
90.94927000673053,10.10.2.6,10095,10.10.1.12,11064,17662.182064988923
91.06878750535694,10.10.2.6,10178,10.10.1.5,11176,2347.5670469071047
91.34781878165829,10.10.2.6,10063,10.10.1.9,11053,2255.015020338894
91.44497123928274,10.10.2.6,10084,10.10.1.1,11039,80122.7391514879
91.46172074121078,10.10.2.6,10153,10.10.1.1,11198,1899.232667157913
91.46596348032463,10.10.2.6,10031,10.10.1.2,11055,1960.923834732833
91.51857859644747,10.10.2.6,10168,10.10.1.9,11070,6029.431831311256
91.7726680041321,10.10.2.6,10047,10.10.1.14,11091,15952.4428779406
91.78247426088834,10.10.2.6,10095,10.10.1.15,11123,3661.6036270088784
91.89471214780274,10.10.2.6,10180,10.10.1.13,11122,6208318.260058697
91.89851870416476,10.10.2.6,10056,10.10.1.6,11018,48525.24973025848
92.00256218391229,10.10.2.6,10065,10.10.1.14,11177,21821.6632372063
92.1757843041778,10.10.2.6,10146,10.10.1.15,11003,489079.02259772463
92.3221151944238,10.10.2.6,10027,10.10.1.1,11167,2473.490947981379
92.36272192511595,10.10.2.6,10151,10.10.1.4,11027,7021.529409330982
92.45869484541443,10.10.2.6,10177,10.10.1.10,11057,111154.71965877783
92.47816532741005,10.10.2.6,10129,10.10.1.2,11078,12316.739634924097
92.49756812340145,10.10.2.6,10141,10.10.1.8,11106,3419.93962460721
92.52124747489961,10.10.2.6,10192,10.10.1.1,11131,1575.292416449874
92.60015945568429,10.10.2.6,10106,10.10.1.3,11179,5063.680595637734
92.60950035215474,10.10.2.6,10080,10.10.1.12,11122,11961.122145489398
92.61307419172059,10.10.2.6,10067,10.10.1.7,11029,1855.593837462756
92.76851219988723,10.10.2.6,10092,10.10.1.13,11025,4594294.700291422
92.81964876301801,10.10.2.6,10028,10.10.1.12,11045,114181.95953228831
93.04974688565105,10.10.2.6,10055,10.10.1.13,11033,69970.5557787498
93.07451817316424,10.10.2.6,10089,10.10.1.15,11168,2239.555733365353
93.10297644662492,10.10.2.6,10010,10.10.1.11,11109,18579.764736792906
93.15870055597443,10.10.2.6,10101,10.10.1.6,11160,63881.89500363821
93.1727064273495,10.10.2.6,10009,10.10.1.11,11106,5126.405795537764
93.28316993101798,10.10.2.6,10113,10.10.1.11,11112,114766.02645393994
93.3218494891844,10.10.2.6,10162,10.10.1.15,11090,7830057896.688723
93.58888865713723,10.10.2.6,10145,10.10.1.5,11009,3571.640694753464
93.60839756573691,10.10.2.6,10089,10.10.1.13,11116,7351.480542961708
93.72144711999819,10.10.2.6,10185,10.10.1.8,11063,4430749.191897011
93.90056786539508,10.10.2.6,10090,10.10.1.3,11148,3067.3860263675965
94.0255279051402,10.10.2.6,10039,10.10.1.16,11161,203028.58654870762
94.1849213528448,10.10.2.6,10164,10.10.1.9,11181,36248.43076720884
94.20140098537951,10.10.2.6,10099,10.10.1.8,11032,74152750.8194824
94.2014361141834,10.10.2.6,10121,10.10.1.2,11188,12012.934123657724
94.32696281309647,10.10.2.6,10050,10.10.1.10,11017,1485990867.384857
94.440083471227,10.10.2.6,10016,10.10.1.15,11088,49679.761521495144
94.59554277767309,10.10.2.6,10169,10.10.1.7,11167,1797.02888252397
94.6054789004931,10.10.2.6,10139,10.10.1.12,11073,40951.38028328528
94.6448360832482,10.10.2.6,10131,10.10.1.9,11182,2500.4696244327674
94.72547412674368,10.10.2.6,10080,10.10.1.10,11122,2517.3482588863726
94.75886946545212,10.10.2.6,10048,10.10.1.6,11068,7354.814109293513
95.04905802409816,10.10.2.6,10001,10.10.1.8,11061,4248518.513261015
95.13849109276175,10.10.2.6,10075,10.10.1.10,11164,7250.433281694245
95.17912580708808,10.10.2.6,10022,10.10.1.3,11017,6057706.088912135
95.18923934429125,10.10.2.6,10079,10.10.1.13,11127,70059374.80916092
95.1980138894586,10.10.2.6,10172,10.10.1.2,11030,3611.730457560213
95.28297723283673,10.10.2.6,10038,10.10.1.1,11182,4336888.459279944
95.41070516631133,10.10.2.6,10000,10.10.1.13,11052,1522.7980924443318
95.70704465223506,10.10.2.6,10154,10.10.1.16,11039,110950353.96765065
95.7433890995271,10.10.2.6,10008,10.10.1.4,11176,9424.95420573315
95.981664703383,10.10.2.6,10022,10.10.1.4,11022,3355.9024769593275
95.98378650464714,10.10.2.6,10177,10.10.1.2,11167,4241.4102172412495
96.14268057697784,10.10.2.6,10150,10.10.1.5,11009,4893.052538789297
96.17987873251697,10.10.2.6,10151,10.10.1.4,11120,15289.925590457911
96.1953265484281,10.10.2.6,10137,10.10.1.3,11040,4734074.7464891765
96.24424259265429,10.10.2.6,10021,10.10.1.6,11049,1534.6012496337155
96.47937462179908,10.10.2.6,10192,10.10.1.6,11066,2496.6379931298525
96.6319169800462,10.10.2.6,10111,10.10.1.3,11039,62887.14514219018
96.64017756060916,10.10.2.6,10080,10.10.1.16,11069,3559.0125625598585
96.66958326442996,10.10.2.6,10169,10.10.1.13,11192,34047.65325784456
96.68480761635429,10.10.2.6,10137,10.10.1.10,11061,57387.95272353439
96.69971193656241,10.10.2.6,10102,10.10.1.14,11188,36192.55588087361
96.8523313424002,10.10.2.6,10141,10.10.1.12,11054,1569.6594382225085
96.9673097240746,10.10.2.6,10111,10.10.1.7,11150,31298.99365141584
97.0796548587848,10.10.2.6,10015,10.10.1.6,11076,6713.3878528424675
97.22531979160449,10.10.2.6,10123,10.10.1.5,11069,53718.17914765128
97.30534568386402,10.10.2.6,10179,10.10.1.4,11059,3566.912337324413
97.43517714939338,10.10.2.6,10085,10.10.1.11,11060,23942.327965515604
97.45634290715371,10.10.2.6,10097,10.10.1.12,11057,46500.58940481259
97.49087669275171,10.10.2.6,10111,10.10.1.7,11139,5959537.844832869
97.69230062914721,10.10.2.6,10102,10.10.1.2,11146,1466209439.263031
97.79718899181708,10.10.2.6,10152,10.10.1.1,11111,1880.924166285408
97.83853534979113,10.10.2.6,10052,10.10.1.4,11006,166004.35162244644
97.88955187978354,10.10.2.6,10136,10.10.1.3,11013,2443.239964017752
97.93078202494654,10.10.2.6,10155,10.10.1.2,11036,45027.90311769886
97.9704119939573,10.10.2.6,10163,10.10.1.1,11001,1847.051262640256
97.98456901108459,10.10.2.6,10032,10.10.1.9,11034,1231171.0836214044
98.10736225827762,10.10.2.6,10108,10.10.1.2,11136,48535977.87790179
98.23326394962261,10.10.2.6,10125,10.10.1.9,11014,244619.58950485964
98.34457438410362,10.10.2.6,10015,10.10.1.4,11064,4940.279876944428
98.39094516166577,10.10.2.6,10089,10.10.1.12,11040,18861.833880378173
98.42959465714847,10.10.2.6,10019,10.10.1.1,11118,9242.071416253371
98.4336365679756,10.10.2.6,10158,10.10.1.4,11009,10299.208343773918
98.44845598599582,10.10.2.6,10044,10.10.1.3,11088,2123.7137635633226
98.94519217883645,10.10.2.6,10166,10.10.1.3,11119,2338.538825958765
98.99321525504295,10.10.2.6,10027,10.10.1.5,11031,995957753.9098568
99.07064735624185,10.10.2.6,10055,10.10.1.9,11110,80758.42116014134
99.09673149111053,10.10.2.6,10159,10.10.1.11,11120,4258550.646026273
99.2293416972959,10.10.2.6,10137,10.10.1.2,11154,22547.7729266762
99.39437275126721,10.10.2.6,10096,10.10.1.15,11186,32502529.5662802
99.46335051931852,10.10.2.6,10026,10.10.1.15,11027,68671.30281806263
99.8220129493424,10.10.2.6,10042,10.10.1.16,11005,961747.9573138233
99.9420124691707,10.10.2.6,10067,10.10.1.16,11182,412474.4084564584
100.02957107443599,10.10.2.6,10129,10.10.1.14,11070,1685.7592951507663
100.06990273551516,10.10.2.6,10042,10.10.1.12,11144,2393.1511364455523
100.22966347140385,10.10.2.6,10186,10.10.1.5,11065,3996.4728189254915
100.33238595918799,10.10.2.6,10081,10.10.1.2,11127,8348.281659951313
100.35028292284954,10.10.2.6,10188,10.10.1.9,11149,2793.760571341393
100.40538203191126,10.10.2.6,10088,10.10.1.16,11117,614965.4820796716
100.41787666536253,10.10.2.6,10025,10.10.1.6,11007,4617490.8963764
100.44925344359153,10.10.2.6,10143,10.10.1.1,11105,35428.576221325995
100.53590626495087,10.10.2.6,10113,10.10.1.16,11071,30115384.281820577
100.679373934317,10.10.2.6,10162,10.10.1.7,11169,4842827.619056571
100.72351679931865,10.10.2.6,10109,10.10.1.10,11187,11670.687800120639
100.85273326444536,10.10.2.6,10132,10.10.1.7,11150,6187.985919485042
101.15373951057688,10.10.2.6,10191,10.10.1.5,11045,91822242.21704167
101.23415847536714,10.10.2.6,10114,10.10.1.9,11046,10043.619278512944
101.40271791555979,10.10.2.6,10026,10.10.1.13,11026,47428.262941682755
101.4621757354585,10.10.2.6,10056,10.10.1.3,11015,2951.6908010621405
101.65834670546842,10.10.2.6,10181,10.10.1.15,11051,72508.85577684836
101.69547836428697,10.10.2.6,10112,10.10.1.2,11017,74960.0898958117
101.73153080427478,10.10.2.6,10030,10.10.1.11,11103,2497.87514813027
102.04016869906154,10.10.2.6,10164,10.10.1.2,11131,48357508.261304386
102.09431492746982,10.10.2.6,10125,10.10.1.12,11116,4816890274.491682
102.14894615763865,10.10.2.6,10095,10.10.1.3,11068,1408691066.4427469
102.23876569404092,10.10.2.6,10122,10.10.1.8,11027,18354.02729429814
102.33902001361903,10.10.2.6,10198,10.10.1.13,11056,67030338.954204895
102.36733469142018,10.10.2.6,10025,10.10.1.6,11113,47485593.37080531
102.71425285245695,10.10.2.6,10028,10.10.1.6,11099,30758.47660051164
102.7166253488018,10.10.2.6,10165,10.10.1.16,11039,8085.58019265806
102.79216815308716,10.10.2.6,10110,10.10.1.16,11119,953915.6326566731
103.00557764600073,10.10.2.6,10032,10.10.1.4,11181,62849.954170843484
103.0132279845937,10.10.2.6,10074,10.10.1.9,11052,6039.394803017657
103.20818498206242,10.10.2.6,10135,10.10.1.4,11195,20251.531379696724
103.35323712012902,10.10.2.6,10071,10.10.1.9,11092,30743746.618199516
103.35502476868065,10.10.2.6,10019,10.10.1.15,11181,97090200.91127522
103.43472849947817,10.10.2.6,10054,10.10.1.16,11141,2373.2893698711864
103.48553792368365,10.10.2.6,10054,10.10.1.2,11039,7328.688102848114
103.50183360195831,10.10.2.6,10104,10.10.1.7,11073,27732.069248277636
103.55013679985663,10.10.2.6,10054,10.10.1.16,11080,20939.153074402788
103.74881794092357,10.10.2.6,10107,10.10.1.12,11046,605158.2397989505
103.77527220471161,10.10.2.6,10043,10.10.1.11,11153,8968.000678582912
103.96899825797372,10.10.2.6,10061,10.10.1.9,11119,1624.5971102176259
104.00482304448911,10.10.2.6,10146,10.10.1.1,11062,3563.2559305777963
104.12070414326973,10.10.2.6,10011,10.10.1.6,11119,4779.035724416142
104.30192200732225,10.10.2.6,10102,10.10.1.2,11015,3900.060014030309
104.31458281735702,10.10.2.6,10147,10.10.1.12,11150,4594.90872752726
104.32982980765507,10.10.2.6,10057,10.10.1.5,11117,2572.1717480759044
104.33466103610075,10.10.2.6,10048,10.10.1.9,11108,28562.21669499544
104.36162323510271,10.10.2.6,10135,10.10.1.13,11043,24635.22164817604
104.47294726906648,10.10.2.6,10092,10.10.1.7,11048,34995.14553748474
104.49176063747404,10.10.2.6,10156,10.10.1.10,11088,1542.6370340551118
104.50613006661483,10.10.2.6,10067,10.10.1.7,11038,17324.65563772655
104.64571574470065,10.10.2.6,10058,10.10.1.13,11099,35814.58191511317
104.72841087188186,10.10.2.6,10123,10.10.1.14,11072,9077.650456498788
104.87675327205488,10.10.2.6,10123,10.10.1.16,11136,33153.0554971176
104.89256587084097,10.10.2.6,10080,10.10.1.16,11133,2279.8676863236947
104.91910875078622,10.10.2.6,10124,10.10.1.15,11064,59525.290260913
104.96215356610858,10.10.2.6,10136,10.10.1.3,11120,7339.610281652774
105.03600086781987,10.10.2.6,10183,10.10.1.5,11160,5090.531997571373
105.08802616870584,10.10.2.6,10059,10.10.1.13,11092,3518.5346389043807
105.11718067893015,10.10.2.6,10152,10.10.1.8,11187,37856005.24458133
105.19031267662896,10.10.2.6,10032,10.10.1.12,11006,39541412.45368069
105.26146045055644,10.10.2.6,10195,10.10.1.14,11002,1069949016.6888137
105.2678872220316,10.10.2.6,10001,10.10.1.9,11184,24183.72590316791
105.40410501037458,10.10.2.6,10066,10.10.1.13,11129,2260.339953745772
105.40614611173861,10.10.2.6,10030,10.10.1.15,11163,3939191.3883923413
105.72188172771884,10.10.2.6,10189,10.10.1.11,11118,31859.6203503049
105.75980073431306,10.10.2.6,10080,10.10.1.9,11166,2495.1633359223238
105.88698196909434,10.10.2.6,10100,10.10.1.7,11120,100620.68034361178
105.99522276334578,10.10.2.6,10085,10.10.1.15,11094,1545.4226038446197
106.02877255492896,10.10.2.6,10076,10.10.1.11,11059,30009047.549525987
106.11847290736165,10.10.2.6,10061,10.10.1.15,11154,32557.13993333354
106.1590896209795,10.10.2.6,10187,10.10.1.16,11073,17322.014035796616
106.47436555746873,10.10.2.6,10159,10.10.1.3,11140,6048050.715078347
106.49194878703292,10.10.2.6,10007,10.10.1.11,11071,2113.964165037648
106.49686656243374,10.10.2.6,10057,10.10.1.3,11038,135232401.91637525
106.67833247664745,10.10.2.6,10092,10.10.1.3,11025,92560.37351042632
106.70648071105104,10.10.2.6,10093,10.10.1.7,11057,97467.5530103478
106.72752445131758,10.10.2.6,10063,10.10.1.10,11122,3721.6075767487937
106.76787159786653,10.10.2.6,10062,10.10.1.4,11031,2359.900445131716
106.91559060117997,10.10.2.6,10008,10.10.1.9,11015,33129.77028715072
106.92816543768079,10.10.2.6,10035,10.10.1.6,11139,1745.8588060759787
106.96594774843942,10.10.2.6,10055,10.10.1.9,11181,36503.956633678135
106.97759667982508,10.10.2.6,10187,10.10.1.1,11133,18978.54524735621
107.1454461361038,10.10.2.6,10181,10.10.1.7,11018,892008.6393521194
107.34365187829836,10.10.2.6,10149,10.10.1.7,11149,6794.756162015287
107.41892724321286,10.10.2.6,10014,10.10.1.16,11135,64902.318744413205
107.42940620281773,10.10.2.6,10018,10.10.1.4,11160,2118.4078029073758
107.74981091550235,10.10.2.6,10173,10.10.1.9,11131,3464.377473055241
108.09662417468316,10.10.2.6,10013,10.10.1.13,11096,46025.746346169646
108.16337913793879,10.10.2.6,10131,10.10.1.3,11004,6966.8877182335955
108.17673599634944,10.10.2.6,10185,10.10.1.14,11025,1674.034717183963
108.20811868325681,10.10.2.6,10102,10.10.1.5,11010,7133.200515918955
108.23193710651142,10.10.2.6,10176,10.10.1.3,11105,7238.7871502906
108.33566081768268,10.10.2.6,10038,10.10.1.4,11175,4766960.560698571
108.68301861287505,10.10.2.6,10048,10.10.1.1,11176,3429.3842442820765
108.72362259097743,10.10.2.6,10182,10.10.1.5,11134,3428.1825526396983
108.83780057594969,10.10.2.6,10132,10.10.1.11,11187,4706628.217134777
108.96192743524101,10.10.2.6,10056,10.10.1.9,11156,8030.217537236166
109.10161931076176,10.10.2.6,10029,10.10.1.8,11010,1764.6447762647024
109.17997543954252,10.10.2.6,10170,10.10.1.12,11001,1744.962778300091
109.22431565003588,10.10.2.6,10011,10.10.1.16,11126,8032.824487028511
109.26569592230875,10.10.2.6,10059,10.10.1.6,11181,2066.5581391433475
109.3141086404387,10.10.2.6,10198,10.10.1.9,11050,11949.034270990724
109.33430644399996,10.10.2.6,10094,10.10.1.1,11097,19233.60906973382
109.36712777216086,10.10.2.6,10113,10.10.1.7,11060,4184.028977443591
109.42193686904957,10.10.2.6,10179,10.10.1.2,11049,4789.528896086825
109.57919100385372,10.10.2.6,10162,10.10.1.14,11184,6220918.923658111
109.60516007939846,10.10.2.6,10176,10.10.1.4,11100,2029.6206753479928
109.62080440050555,10.10.2.6,10070,10.10.1.8,11027,74970.89897331473
109.62477484819878,10.10.2.6,10180,10.10.1.14,11144,7861.906926406696
109.69587742850466,10.10.2.6,10017,10.10.1.16,11091,47889.44347205862
109.8577014402008,10.10.2.6,10195,10.10.1.6,11058,9013.436758806947
109.90826493948109,10.10.2.6,10189,10.10.1.15,11046,107438.10266527462
109.9117985524448,10.10.2.6,10069,10.10.1.8,11178,1715.9171610924286
109.96800753077113,10.10.2.6,10093,10.10.1.2,11083,7385.184751513663
109.98219354262675,10.10.2.6,10042,10.10.1.3,11168,2476.381689427707
110.05815641067426,10.10.2.6,10085,10.10.1.7,11146,42045995.251514755
110.1308638955992,10.10.2.6,10120,10.10.1.16,11041,41590255.761768006
110.21224000488182,10.10.2.6,10089,10.10.1.16,11149,2253.55296731186
110.23401975389508,10.10.2.6,10032,10.10.1.15,11013,19312.048844937173
110.35956884682716,10.10.2.6,10079,10.10.1.11,11118,9496.58660638304
110.39808800369951,10.10.2.6,10151,10.10.1.13,11082,22062.41800348726
110.43223023818672,10.10.2.6,10107,10.10.1.14,11021,11316.370247851695
110.6289495843478,10.10.2.6,10031,10.10.1.10,11033,24653.34170564858
110.68015680307116,10.10.2.6,10008,10.10.1.14,11142,19466.372417952378
110.87971394116953,10.10.2.6,10009,10.10.1.4,11126,32019.73045622172
110.9174027585358,10.10.2.6,10019,10.10.1.7,11085,27560.49429788859
110.94865509932913,10.10.2.6,10139,10.10.1.4,11182,4789161.191063541
110.96654124854162,10.10.2.6,10071,10.10.1.12,11081,3257.153149881612
110.98699558674878,10.10.2.6,10168,10.10.1.11,11159,41112647.50052749
111.15980718259291,10.10.2.6,10019,10.10.1.10,11116,11963462180.73681
111.17917844462153,10.10.2.6,10061,10.10.1.10,11143,23594.55212970152
111.32010510251317,10.10.2.6,10054,10.10.1.5,11105,7005.5748288488785
111.33557501289123,10.10.2.6,10048,10.10.1.7,11072,24733.49203190287
111.45318569241779,10.10.2.6,10012,10.10.1.2,11117,4968.5974526113
111.52279290519408,10.10.2.6,10062,10.10.1.1,11084,6973.928595258938
111.94042619248094,10.10.2.6,10145,10.10.1.14,11120,2312.7519796357797
111.97714251358563,10.10.2.6,10193,10.10.1.3,11095,3000.780135557913
112.23477890380322,10.10.2.6,10180,10.10.1.14,11007,2484.3085290128324
112.36660737335676,10.10.2.6,10159,10.10.1.10,11133,1933.8113700157694
112.36679259772795,10.10.2.6,10143,10.10.1.15,11154,131590934.60333002
112.47281360601858,10.10.2.6,10155,10.10.1.14,11014,8555.959577771953
112.68311606697372,10.10.2.6,10077,10.10.1.16,11099,2446.702794125454
112.72799906541385,10.10.2.6,10112,10.10.1.14,11126,121913.87040296233
112.80010809500581,10.10.2.6,10047,10.10.1.10,11148,24569.622059835572
112.81055157030461,10.10.2.6,10190,10.10.1.6,11186,49550800.82530123
112.83594360085698,10.10.2.6,10163,10.10.1.2,11124,33715197.252742544
112.85320021440138,10.10.2.6,10070,10.10.1.9,11076,33586.695773885156
112.95578189570382,10.10.2.6,10108,10.10.1.10,11005,67895.5319214001
113.22248945658534,10.10.2.6,10192,10.10.1.13,11010,21867.168712208568
113.22448821553763,10.10.2.6,10162,10.10.1.4,11111,42982.90870761514
113.2807067858148,10.10.2.6,10065,10.10.1.6,11120,23115.921049721248
113.28737860138551,10.10.2.6,10025,10.10.1.8,11175,1625.5143975199485
113.29743237938247,10.10.2.6,10168,10.10.1.16,11020,4653.956209856466
113.3796977088425,10.10.2.6,10137,10.10.1.15,11181,51498.59666027244
113.4912933589278,10.10.2.6,10174,10.10.1.3,11163,4322.866979231664
113.502243253172,10.10.2.6,10084,10.10.1.1,11074,2736.0716160393563
113.54433118332179,10.10.2.6,10048,10.10.1.13,11113,31395.989747226897
113.64909995236314,10.10.2.6,10100,10.10.1.10,11000,3225.898173189848
113.72012979126053,10.10.2.6,10179,10.10.1.12,11046,47953.63657534071
113.92323197881926,10.10.2.6,10071,10.10.1.6,11054,1639.0189165984705
113.92423603465005,10.10.2.6,10143,10.10.1.3,11171,15215.418429161648
113.94421473179742,10.10.2.6,10142,10.10.1.2,11161,69678.36415307158
113.97616912886758,10.10.2.6,10185,10.10.1.1,11118,202617.9127689395
113.979413398189,10.10.2.6,10033,10.10.1.16,11103,8882.769319916277
113.99152362343672,10.10.2.6,10006,10.10.1.1,11049,4548.972756536739
114.05456138268492,10.10.2.6,10196,10.10.1.9,11173,18857.61830479056
114.14332097614957,10.10.2.6,10040,10.10.1.3,11181,200819.1014625759
114.22324447049152,10.10.2.6,10095,10.10.1.3,11142,3243.645303158165
114.25081660001848,10.10.2.6,10191,10.10.1.5,11043,5069.249957018881
114.32808903764777,10.10.2.6,10072,10.10.1.13,11057,9622920.934189431
114.38199123704787,10.10.2.6,10139,10.10.1.5,11132,46832.90642724262
114.39713872586454,10.10.2.6,10038,10.10.1.3,11139,2221.955156089171
114.41641550358706,10.10.2.6,10094,10.10.1.9,11163,6592.236648675862
114.6213382773059,10.10.2.6,10038,10.10.1.3,11064,2276.508753255563
114.62173825223344,10.10.2.6,10146,10.10.1.11,11181,3633.724196312706
114.73609023917177,10.10.2.6,10094,10.10.1.13,11099,38625987.96007035
114.87354740949927,10.10.2.6,10079,10.10.1.12,11181,24582.433348912633
114.90597186372976,10.10.2.6,10077,10.10.1.10,11155,24714.437421496466
114.93412335186416,10.10.2.6,10139,10.10.1.16,11178,1691.0294452266555
114.94493424941226,10.10.2.6,10044,10.10.1.2,11072,45804501.11126349
115.0074230104685,10.10.2.6,10172,10.10.1.8,11030,10553.194654630837
115.10281600394453,10.10.2.6,10000,10.10.1.7,11050,189847.87294006778
115.4548183613216,10.10.2.6,10036,10.10.1.16,11160,8071.878678031098
115.47927616309369,10.10.2.6,10128,10.10.1.6,11049,7840.178086943898
115.85139904652767,10.10.2.6,10041,10.10.1.14,11075,29020.21861927059
115.8957506589394,10.10.2.6,10141,10.10.1.9,11002,61619.00974314653
115.90898348144356,10.10.2.6,10041,10.10.1.14,11139,1068298.42641665
115.94412784413213,10.10.2.6,10021,10.10.1.11,11190,155099.4984990239
115.97028953580346,10.10.2.6,10012,10.10.1.15,11138,9672.661437775598
116.04875870574786,10.10.2.6,10145,10.10.1.14,11173,24194.907117851482
116.09606003477253,10.10.2.6,10105,10.10.1.2,11132,29280.374418790612
116.16643129341206,10.10.2.6,10196,10.10.1.11,11131,66708416.438268915
116.56114468417597,10.10.2.6,10006,10.10.1.2,11005,46114.837739350296
116.71150066903601,10.10.2.6,10105,10.10.1.15,11123,2023.9089257353917
116.7392939651354,10.10.2.6,10116,10.10.1.3,11134,1249806538.0898125
116.75428895444429,10.10.2.6,10179,10.10.1.7,11031,44004240.88958459
116.9739723575682,10.10.2.6,10045,10.10.1.13,11061,2217.5671627253046
117.12150885198349,10.10.2.6,10090,10.10.1.8,11122,36117.75796494362
117.27307148622687,10.10.2.6,10153,10.10.1.1,11141,1069616866.5300092
117.42040164999335,10.10.2.6,10081,10.10.1.8,11153,5928.005033619077
117.46299647445942,10.10.2.6,10102,10.10.1.6,11139,46212.10691088525
117.48726626466531,10.10.2.6,10072,10.10.1.8,11072,1531.4492770786528
117.48752104453635,10.10.2.6,10169,10.10.1.13,11030,90885.91894700556
117.56562263873472,10.10.2.6,10097,10.10.1.4,11196,9106.12438022028
117.66413660598423,10.10.2.6,10093,10.10.1.15,11123,6092.888848044825
117.68075864113162,10.10.2.6,10197,10.10.1.13,11151,120544.34091808142
117.69157648560622,10.10.2.6,10173,10.10.1.1,11153,1552.0298231670645
117.71140483632347,10.10.2.6,10197,10.10.1.3,11124,2929.934378789152
117.74625601029037,10.10.2.6,10094,10.10.1.16,11009,5596.694129875143
117.87722600238062,10.10.2.6,10030,10.10.1.3,11129,2588.2102524159454
117.88265811990806,10.10.2.6,10180,10.10.1.11,11085,3261.1065184485865
117.91978569075799,10.10.2.6,10140,10.10.1.13,11166,23752.223818525446
118.04959961955106,10.10.2.6,10103,10.10.1.12,11101,1617.019832835322
118.05053746425303,10.10.2.6,10151,10.10.1.5,11029,3685.467483384169
118.18305328406129,10.10.2.6,10120,10.10.1.8,11151,4383.886579476892
118.21106835763004,10.10.2.6,10103,10.10.1.10,11107,5423955059.472374
118.24491131409859,10.10.2.6,10116,10.10.1.8,11073,4520161.371606178
118.27689276735714,10.10.2.6,10150,10.10.1.15,11041,215234.2972949688
118.69296833157476,10.10.2.6,10109,10.10.1.13,11133,2270.4567833295228
118.69694820055453,10.10.2.6,10164,10.10.1.3,11178,31080443.47216816
118.73197347181757,10.10.2.6,10058,10.10.1.5,11134,34346.666895476046
118.78187520250637,10.10.2.6,10087,10.10.1.11,11027,5254.829050651393
118.89243592112598,10.10.2.6,10059,10.10.1.8,11182,29785.866433280054
118.89493791388924,10.10.2.6,10101,10.10.1.10,11125,2869.1112690252344
118.95637823873764,10.10.2.6,10000,10.10.1.6,11163,6757.029780811719
119.00433379341298,10.10.2.6,10086,10.10.1.2,11133,4891.411533877082
119.257491128644,10.10.2.6,10189,10.10.1.4,11193,4709967.055707432
119.3238778044084,10.10.2.6,10070,10.10.1.10,11062,2416.4349237871998
119.34068493568442,10.10.2.6,10030,10.10.1.16,11023,27561.544397017955
119.36000380563227,10.10.2.6,10015,10.10.1.8,11064,1934.8370592481374
119.52503837537853,10.10.2.6,10161,10.10.1.12,11025,105950145.2832931
119.59176889184732,10.10.2.6,10114,10.10.1.12,11008,2482.2054695227102
119.78782730805395,10.10.2.6,10056,10.10.1.7,11168,8977.954247115907
119.81997908870524,10.10.2.6,10013,10.10.1.7,11114,4282205.288491558
119.89840016623732,10.10.2.6,10114,10.10.1.13,11187,770900.1766425364
120.08369807940518,10.10.2.6,10124,10.10.1.5,11053,10385.198768195356
120.10276635921139,10.10.2.6,10125,10.10.1.13,11033,10371.252620775635
120.11656203608791,10.10.2.6,10106,10.10.1.2,11087,23275.48870407333
120.2796426884141,10.10.2.6,10105,10.10.1.11,11162,41166005.9463982
120.29802065828137,10.10.2.6,10169,10.10.1.2,11198,23928.45026098547
120.33432387314306,10.10.2.6,10198,10.10.1.5,11012,32302.421114723773
120.50273717169043,10.10.2.6,10122,10.10.1.14,11142,6796.7801616235065
120.50477062211027,10.10.2.6,10152,10.10.1.15,11187,3669.746239864826
120.5619496191161,10.10.2.6,10115,10.10.1.7,11048,2897.1635020533286
120.72054563807374,10.10.2.6,10019,10.10.1.13,11177,4926.381134840186
120.85283694707775,10.10.2.6,10002,10.10.1.5,11038,2299.3995288770675
120.98267118799554,10.10.2.6,10195,10.10.1.16,11156,16845.981198304
121.01327720810035,10.10.2.6,10033,10.10.1.12,11027,66961.50798845067
121.02354954468102,10.10.2.6,10081,10.10.1.3,11167,34895.565890906764
121.0800639271507,10.10.2.6,10063,10.10.1.2,11054,96123879.42504421
121.10506645698075,10.10.2.6,10179,10.10.1.14,11072,28251.430450755714
121.14917753091278,10.10.2.6,10160,10.10.1.1,11047,4795993.520952018
121.17765787988594,10.10.2.6,10119,10.10.1.15,11038,42068754.76120231
121.2165115599754,10.10.2.6,10022,10.10.1.8,11024,2114.3714395078505
121.39394629768755,10.10.2.6,10173,10.10.1.12,11050,1240613.6201849775
121.56494078622006,10.10.2.6,10064,10.10.1.6,11146,18132.224128594164
121.56536784640589,10.10.2.6,10008,10.10.1.14,11148,5271035.117880547
121.65144889790652,10.10.2.6,10139,10.10.1.10,11186,2408.9328224173787
121.7093026066592,10.10.2.6,10142,10.10.1.6,11097,32690.322643136184
121.83888939048445,10.10.2.6,10185,10.10.1.7,11190,12056.028993807144
121.96312811029162,10.10.2.6,10056,10.10.1.2,11002,34162.03568514913
122.10892855322898,10.10.2.6,10134,10.10.1.13,11000,2382.2346137591476
122.17917872564202,10.10.2.6,10092,10.10.1.11,11053,30380.101784695245
122.17987866645984,10.10.2.6,10190,10.10.1.13,11173,104588.1604050884
122.34550614682597,10.10.2.6,10081,10.10.1.6,11057,3406.7039695136255
122.50187633983624,10.10.2.6,10018,10.10.1.12,11129,5514603.259079718
122.58220247621573,10.10.2.6,10083,10.10.1.6,11067,4187.522245201348
122.60450375636849,10.10.2.6,10116,10.10.1.3,11054,5232244.137588031
122.818822318141,10.10.2.6,10068,10.10.1.2,11090,24844.657393093337
122.83170272566399,10.10.2.6,10193,10.10.1.11,11152,1007808198.3746986
122.83819973186189,10.10.2.6,10026,10.10.1.4,11090,18385.16975998914
122.97284055835746,10.10.2.6,10101,10.10.1.15,11048,1794.205527255175
123.1703961364704,10.10.2.6,10157,10.10.1.4,11136,3110.405849684898
123.17438955386817,10.10.2.6,10130,10.10.1.7,11051,1831.4519475211732
123.24943123959542,10.10.2.6,10081,10.10.1.15,11006,9315.113925072274
123.31281411786142,10.10.2.6,10166,10.10.1.13,11024,8701.878976548898
123.34843243165115,10.10.2.6,10166,10.10.1.5,11121,23799.998697145744
123.40043603354356,10.10.2.6,10132,10.10.1.3,11025,4780765.906893589
123.41167393840288,10.10.2.6,10070,10.10.1.14,11052,6729.259021646468
123.43131598634515,10.10.2.6,10008,10.10.1.7,11146,49769.861359573755
123.43346052834629,10.10.2.6,10185,10.10.1.5,11023,29852.240981243536
123.54966722726937,10.10.2.6,10087,10.10.1.8,11168,5275.860640748511
123.60928341902589,10.10.2.6,10116,10.10.1.13,11110,1548.182178851574
123.65540510126205,10.10.2.6,10195,10.10.1.10,11151,2076.2006641274297
123.80369832637997,10.10.2.6,10173,10.10.1.2,11135,5541667364.365562
123.9201030823567,10.10.2.6,10121,10.10.1.5,11197,6820.631820562181
123.9239444140039,10.10.2.6,10006,10.10.1.2,11016,31944.847510174488
124.03632758955305,10.10.2.6,10098,10.10.1.5,11147,30256458.920858823
124.12081567394132,10.10.2.6,10129,10.10.1.5,11038,4753.255968267256
124.24284780078295,10.10.2.6,10133,10.10.1.8,11062,3282.226314263398
124.40614451976568,10.10.2.6,10132,10.10.1.12,11102,110770.95132090911
124.42126378350004,10.10.2.6,10189,10.10.1.16,11091,6941.992442705669
124.45946617952724,10.10.2.6,10055,10.10.1.12,11162,84752.60602661235
124.47039605840376,10.10.2.6,10045,10.10.1.7,11126,3057.947592565757
124.65436429381538,10.10.2.6,10119,10.10.1.1,11142,31157.298291473722
124.71962443736908,10.10.2.6,10018,10.10.1.3,11175,72714.58739342722
124.82303164885136,10.10.2.6,10001,10.10.1.5,11184,1870326376.2791014
124.83698151673298,10.10.2.6,10024,10.10.1.11,11092,3782.656968655918
125.21570998196519,10.10.2.6,10075,10.10.1.3,11097,9725.24427715235
125.2318419486831,10.10.2.6,10126,10.10.1.5,11108,15372.023347094531
125.27988424201254,10.10.2.6,10017,10.10.1.9,11122,38157.39606599569
125.3314411321121,10.10.2.6,10049,10.10.1.10,11053,5684.30733351016
125.53930174667272,10.10.2.6,10157,10.10.1.8,11152,7453.113922472945
125.54521107221717,10.10.2.6,10082,10.10.1.13,11062,4481.859968915255
125.60658897903741,10.10.2.6,10077,10.10.1.9,11096,9544.208099650328
125.6573437864382,10.10.2.6,10178,10.10.1.13,11081,1769.6289319549214
125.67229959757981,10.10.2.6,10057,10.10.1.9,11062,22355.64686410103
125.82292084905318,10.10.2.6,10116,10.10.1.2,11178,7081.3631672496485
126.01044709255383,10.10.2.6,10106,10.10.1.4,11190,32045.51721608125
126.11906153007588,10.10.2.6,10159,10.10.1.3,11183,202183.74064247886
126.12847275401035,10.10.2.6,10137,10.10.1.10,11123,7950.151960049009
126.18926079647743,10.10.2.6,10068,10.10.1.14,11019,9095.111341224478
126.20333542379748,10.10.2.6,10076,10.10.1.8,11163,3411.145460505331
126.22012742620565,10.10.2.6,10016,10.10.1.9,11178,56054.996970563196
126.28569811586416,10.10.2.6,10060,10.10.1.3,11129,5066981.626959458
126.31135889384862,10.10.2.6,10157,10.10.1.7,11032,7312.688393494197
126.47793163961705,10.10.2.6,10081,10.10.1.3,11058,1604.7775593218728
126.57968318224259,10.10.2.6,10156,10.10.1.10,11123,619738.3898312055
126.73025442091169,10.10.2.6,10061,10.10.1.10,11067,22612.486442442318
126.93154871593867,10.10.2.6,10155,10.10.1.11,11051,4602.558038430544
127.04192159065242,10.10.2.6,10032,10.10.1.14,11125,1165254865.5745468
127.11658234726592,10.10.2.6,10003,10.10.1.1,11132,64297.29636564768
127.20574957969458,10.10.2.6,10121,10.10.1.4,11155,2664.0131453025265
127.25231808115898,10.10.2.6,10145,10.10.1.10,11122,4225.757492463376
127.31515782302593,10.10.2.6,10181,10.10.1.14,11115,1618.6210433005035
127.44218037828335,10.10.2.6,10177,10.10.1.3,11107,114283.114004511
127.47481874632145,10.10.2.6,10110,10.10.1.3,11035,5544.608758614242
127.6299680424751,10.10.2.6,10027,10.10.1.1,11147,38671.813932283054
127.785447980942,10.10.2.6,10153,10.10.1.16,11057,19997.15150466242
127.87613434679075,10.10.2.6,10168,10.10.1.10,11013,35344.69668223309
127.88386150905345,10.10.2.6,10008,10.10.1.6,11057,102504416.57931948
128.45909488705055,10.10.2.6,10072,10.10.1.14,11017,48708279.88165498
128.58421028803687,10.10.2.6,10063,10.10.1.2,11144,39476.40695591316
129.1060391000819,10.10.2.6,10005,10.10.1.6,11135,91011.80744056581
129.11436772252483,10.10.2.6,10118,10.10.1.7,11138,6110738.647768647
129.1491353035823,10.10.2.6,10077,10.10.1.13,11168,22051.47188599163
129.24115923644086,10.10.2.6,10047,10.10.1.11,11114,36626.11402218435
129.34346792694208,10.10.2.6,10030,10.10.1.15,11080,3021.5608644008908
129.49372777743415,10.10.2.6,10036,10.10.1.12,11093,17389.485954662712
129.93184420536872,10.10.2.6,10042,10.10.1.14,11131,604910.007368881
130.10138763030523,10.10.2.6,10089,10.10.1.9,11176,2730.899732563531
130.24062289321813,10.10.2.6,10124,10.10.1.6,11011,3173.6992782028215
130.25180013778805,10.10.2.6,10133,10.10.1.6,11148,8638.018370710015
130.27142291777614,10.10.2.6,10023,10.10.1.1,11181,45712.99529680128
130.54428097055066,10.10.2.6,10078,10.10.1.7,11079,6958.3502429957
130.5509908039301,10.10.2.6,10081,10.10.1.13,11072,1713.5899469675262
130.5699431670524,10.10.2.6,10020,10.10.1.7,11157,5750.688463296835
130.62495955431544,10.10.2.6,10018,10.10.1.11,11003,60312.97983462002
130.66153366150616,10.10.2.6,10195,10.10.1.10,11026,5403.721874595325
130.78701991461134,10.10.2.6,10148,10.10.1.7,11191,5590.4708626385855
130.82741154453143,10.10.2.6,10079,10.10.1.7,11040,30535008.994684283
130.91633521819628,10.10.2.6,10157,10.10.1.16,11047,7996.797720245493
130.9599141769502,10.10.2.6,10033,10.10.1.4,11067,1788.6798630913934
131.090005524718,10.10.2.6,10002,10.10.1.16,11048,89335.18024237372
131.09384003616026,10.10.2.6,10057,10.10.1.6,11119,35501.70316295892
131.1815727443912,10.10.2.6,10049,10.10.1.8,11196,94879.58946127715
131.40205750283627,10.10.2.6,10042,10.10.1.12,11047,6547.332599089689
131.4146065169961,10.10.2.6,10072,10.10.1.11,11129,5864.272613736749
131.44674400218207,10.10.2.6,10166,10.10.1.12,11117,3893752.3155526333
131.49218065727953,10.10.2.6,10064,10.10.1.8,11101,1576.7182954314337
131.55530294146993,10.10.2.6,10022,10.10.1.5,11025,3444.2253092521037
131.6090875784586,10.10.2.6,10019,10.10.1.10,11184,4582.089313414984
131.96029102534828,10.10.2.6,10108,10.10.1.2,11171,36798180.88652403
132.06445796032912,10.10.2.6,10165,10.10.1.11,11075,1917.8633896495849
132.07135207484012,10.10.2.6,10038,10.10.1.5,11126,2875.1385908045304
132.14221320689146,10.10.2.6,10180,10.10.1.10,11080,12134.719020845796
132.3517953017606,10.10.2.6,10146,10.10.1.16,11125,19909.518321470794
132.9366998125752,10.10.2.6,10035,10.10.1.8,11112,4184.68137292166
132.95987660992827,10.10.2.6,10091,10.10.1.2,11056,375940.6189366029
133.01432500944986,10.10.2.6,10092,10.10.1.16,11012,24209.1499032068
133.33567785037442,10.10.2.6,10162,10.10.1.8,11089,9526.07259039642
133.34684115758782,10.10.2.6,10046,10.10.1.7,11012,46008394.020188525
133.3674443650532,10.10.2.6,10091,10.10.1.7,11171,31171151.734402202
133.49137529822877,10.10.2.6,10151,10.10.1.16,11062,4164.311826763382
133.52603013511768,10.10.2.6,10189,10.10.1.5,11025,2513.124199912946
133.78896598638798,10.10.2.6,10190,10.10.1.8,11141,3463.6333645727354
133.82862992088798,10.10.2.6,10183,10.10.1.3,11000,150940.77031540283
133.87980231860863,10.10.2.6,10077,10.10.1.8,11193,15816.76966423533
133.88652446115043,10.10.2.6,10058,10.10.1.3,11104,2412.335929194631
133.93477966760952,10.10.2.6,10056,10.10.1.8,11126,49200253.80761213
133.97142434167984,10.10.2.6,10040,10.10.1.9,11032,2459.1738656846005
134.02972531153833,10.10.2.6,10055,10.10.1.16,11119,1974.8886120308364
134.04817493218752,10.10.2.6,10143,10.10.1.5,11159,33040.35737913397
134.10764594257748,10.10.2.6,10179,10.10.1.14,11055,2346.6757919531638
134.2903722171657,10.10.2.6,10170,10.10.1.7,11157,11331.214940940206
134.42590683503428,10.10.2.6,10007,10.10.1.8,11148,35504.40199435745
134.60757297277178,10.10.2.6,10049,10.10.1.11,11177,70261.89115422929
134.66987087616297,10.10.2.6,10107,10.10.1.3,11162,1988.639273225217
134.70066975514382,10.10.2.6,10014,10.10.1.2,11038,37432119.61406126
134.7653460005011,10.10.2.6,10129,10.10.1.16,11144,5829937288.515271
134.8316226129093,10.10.2.6,10134,10.10.1.4,11108,4133.84394804472
134.83992966861118,10.10.2.6,10053,10.10.1.8,11054,11346211.4389865
135.00809189235255,10.10.2.6,10096,10.10.1.16,11066,16410.096213569235
135.085479908675,10.10.2.6,10192,10.10.1.13,11093,4921365.8086585235
135.11550538240874,10.10.2.6,10039,10.10.1.7,11078,4158.736773388584
135.21224369265641,10.10.2.6,10157,10.10.1.2,11007,1297498596.7834363
135.28258039464492,10.10.2.6,10032,10.10.1.1,11132,23873.07152853126
135.75163818204592,10.10.2.6,10032,10.10.1.10,11126,2021.1583884342376
135.77465046999222,10.10.2.6,10178,10.10.1.3,11135,32805456.392825913
135.8382697407934,10.10.2.6,10129,10.10.1.9,11165,2844.4746149840917
135.92730497396207,10.10.2.6,10114,10.10.1.14,11036,2692.2102648460695
136.0858930957298,10.10.2.6,10026,10.10.1.16,11031,61310.70234567128
136.24183383319408,10.10.2.6,10060,10.10.1.12,11074,5026.786158886166
136.3272100402742,10.10.2.6,10192,10.10.1.10,11043,32887.24496258449
136.37236049607682,10.10.2.6,10017,10.10.1.16,11110,7878.786442665901
136.47158430726432,10.10.2.6,10035,10.10.1.5,11091,31627.528024771786
136.5262064032179,10.10.2.6,10047,10.10.1.14,11191,2055.3803878287813
136.55484882094268,10.10.2.6,10075,10.10.1.2,11083,3593.4276072576536
136.56798145128843,10.10.2.6,10101,10.10.1.6,11044,6590.416257096767
136.57840463397335,10.10.2.6,10169,10.10.1.10,11123,5614917.429187118
136.6989006361596,10.10.2.6,10087,10.10.1.1,11132,76342.16069172764
137.01234547925375,10.10.2.6,10040,10.10.1.6,11127,31526815.774592213
137.02391182006986,10.10.2.6,10135,10.10.1.6,11159,84012.32674948689
137.3977817646502,10.10.2.6,10140,10.10.1.7,11050,8671.354475505575
137.4051671257113,10.10.2.6,10170,10.10.1.12,11068,18618.259177784665
137.4147149435451,10.10.2.6,10033,10.10.1.2,11064,5563151.673041189
137.7308889980411,10.10.2.6,10166,10.10.1.6,11062,97933.248371905
137.8134992776329,10.10.2.6,10151,10.10.1.3,11166,31985.5876689473
137.86681477245165,10.10.2.6,10033,10.10.1.4,11172,1624.3894889278342
137.95128158497278,10.10.2.6,10142,10.10.1.10,11001,22895.14095498126
138.03062798508293,10.10.2.6,10169,10.10.1.1,11185,36012.299855144745
138.13576100080738,10.10.2.6,10041,10.10.1.3,11196,5116.760452518268
138.14914193383703,10.10.2.6,10151,10.10.1.1,11186,4962698.127212619
138.2680802083302,10.10.2.6,10106,10.10.1.16,11194,9492.223273527117
138.2843250823077,10.10.2.6,10099,10.10.1.4,11035,32927.47314804966
138.3176425792525,10.10.2.6,10163,10.10.1.2,11110,26552.17854884713
138.417105937809,10.10.2.6,10010,10.10.1.8,11064,8851.243277894559
138.5875633949745,10.10.2.6,10134,10.10.1.4,11159,3090.5748539654605
138.6240072746076,10.10.2.6,10091,10.10.1.1,11039,23479.873703374724
138.7573804079706,10.10.2.6,10073,10.10.1.5,11196,1630.568382742175
138.78158998450135,10.10.2.6,10003,10.10.1.14,11140,68097.01524072458
138.8402550326806,10.10.2.6,10080,10.10.1.6,11026,9941.925854528674
138.8710907835956,10.10.2.6,10101,10.10.1.8,11188,2456.079089031224
138.99657299369824,10.10.2.6,10038,10.10.1.12,11074,20220.838914602464
139.01977668529065,10.10.2.6,10084,10.10.1.6,11190,3563.957242243125
139.2602229266855,10.10.2.6,10132,10.10.1.1,11064,34326.415534938555
139.61620927954138,10.10.2.6,10013,10.10.1.2,11173,2272.8006147584924
139.6779285975378,10.10.2.6,10105,10.10.1.14,11004,8898.484565513812
139.7143199640509,10.10.2.6,10155,10.10.1.13,11053,4934.9135771395095
140.1968026433564,10.10.2.6,10037,10.10.1.11,11108,4676.843045944072
140.2934185566536,10.10.2.6,10017,10.10.1.5,11068,38808046.139721856
140.32344037738926,10.10.2.6,10078,10.10.1.8,11103,3276.6383286648424
140.3925419696112,10.10.2.6,10103,10.10.1.6,11090,6487.289591219239
140.48338887438595,10.10.2.6,10153,10.10.1.2,11054,2100.068939490273
140.4915875454522,10.10.2.6,10171,10.10.1.13,11195,120553.32215381003
140.50013955279832,10.10.2.6,10152,10.10.1.14,11025,3395.386283926388
140.59206486466917,10.10.2.6,10027,10.10.1.8,11176,4207439.017164342
140.61868866059916,10.10.2.6,10162,10.10.1.13,11066,19007.983610253385
140.8136591267202,10.10.2.6,10104,10.10.1.6,11103,5353.161642149643
140.82931618951912,10.10.2.6,10188,10.10.1.2,11100,15943.997376946678
141.03756453009987,10.10.2.6,10180,10.10.1.9,11059,8179.578434435396
141.0684004850272,10.10.2.6,10053,10.10.1.13,11075,169150.17394585625
141.14638528944758,10.10.2.6,10116,10.10.1.9,11193,7159.410956730945
141.1987836356472,10.10.2.6,10123,10.10.1.7,11194,1406039711.265365
141.21730090300167,10.10.2.6,10078,10.10.1.16,11034,5118.022264039642
141.2529964809076,10.10.2.6,10110,10.10.1.8,11085,28837.40906788764
141.2702481594506,10.10.2.6,10159,10.10.1.15,11002,404169.43393116124
141.39337856661976,10.10.2.6,10012,10.10.1.10,11165,1711.3828239508384
141.47554713985483,10.10.2.6,10010,10.10.1.9,11133,2267.319954562511
141.55179434475565,10.10.2.6,10115,10.10.1.6,11091,30282.463961998605
141.6266580201488,10.10.2.6,10059,10.10.1.14,11185,29840.668472991154
141.71674196174143,10.10.2.6,10014,10.10.1.7,11183,4575542.51536381
141.72890545398434,10.10.2.6,10163,10.10.1.15,11162,53291.93497566634
141.8110939809897,10.10.2.6,10015,10.10.1.8,11097,3067.913062175472
141.85152986546808,10.10.2.6,10053,10.10.1.12,11197,32303.967715509523
141.906041320839,10.10.2.6,10083,10.10.1.10,11126,5492.541615501578
142.19176412526483,10.10.2.6,10054,10.10.1.1,11012,9605.8347996441
142.38861588917047,10.10.2.6,10046,10.10.1.6,11067,46171243.11211986
142.50753677591993,10.10.2.6,10020,10.10.1.11,11032,5153.594481648259
142.5316488301114,10.10.2.6,10136,10.10.1.6,11074,969633170.6105195
142.6039103150101,10.10.2.6,10055,10.10.1.6,11045,112312.43577335823
142.6371286076905,10.10.2.6,10063,10.10.1.4,11195,31253.86043171151
142.8694587319856,10.10.2.6,10015,10.10.1.8,11005,4934952.092863722
143.01917769510848,10.10.2.6,10033,10.10.1.8,11010,20668.134394716602
143.10576493743707,10.10.2.6,10099,10.10.1.3,11158,6088.994233752928
143.13569003883575,10.10.2.6,10057,10.10.1.15,11051,43842596.69400086
143.17691996486926,10.10.2.6,10066,10.10.1.12,11064,4961.125451375575
143.23400127290103,10.10.2.6,10022,10.10.1.1,11155,9403.470854091742
143.23977073463513,10.10.2.6,10062,10.10.1.8,11130,21423.41640910602
143.32600334156044,10.10.2.6,10164,10.10.1.14,11115,15411.932656187506
143.4600618869132,10.10.2.6,10152,10.10.1.2,11140,428519.98637775535
143.5359039166547,10.10.2.6,10006,10.10.1.10,11177,89664179.51402383
143.59415929316148,10.10.2.6,10052,10.10.1.14,11150,2737.236578402926
143.65953490236404,10.10.2.6,10147,10.10.1.14,11031,3102.0369259002546
143.7515379809378,10.10.2.6,10122,10.10.1.7,11119,118036.51900233945
143.8001550881213,10.10.2.6,10144,10.10.1.1,11167,38268790.63231233
143.95094793217177,10.10.2.6,10098,10.10.1.6,11066,3135.4384366952104
144.17000197771506,10.10.2.6,10193,10.10.1.10,11028,49956409.38031348
144.31729040922835,10.10.2.6,10176,10.10.1.9,11197,102472.83331414971
144.4618282032518,10.10.2.6,10191,10.10.1.10,11117,97025.22217172185
144.47119214784874,10.10.2.6,10187,10.10.1.6,11000,71796.37972095952
144.62762129550097,10.10.2.6,10116,10.10.1.8,11124,2468.0562282223973
144.75593549882467,10.10.2.6,10038,10.10.1.5,11089,433454.61575242464
144.87393046689095,10.10.2.6,10135,10.10.1.12,11023,15768.782018092104
144.93393457761647,10.10.2.6,10096,10.10.1.3,11096,2433.3622549250763
144.9408717311179,10.10.2.6,10194,10.10.1.15,11008,5209.710508869186
145.01782536296042,10.10.2.6,10054,10.10.1.14,11174,4429.423971928611
145.02904584902518,10.10.2.6,10124,10.10.1.6,11163,27649.435477701463
145.05558260342553,10.10.2.6,10085,10.10.1.6,11186,70412.26152795341
145.14109574443697,10.10.2.6,10065,10.10.1.3,11173,2382.3771936752364
145.29858840711265,10.10.2.6,10176,10.10.1.3,11157,29812.81473324913
145.43969994069903,10.10.2.6,10076,10.10.1.2,11148,11800.393196483123
145.68956361430557,10.10.2.6,10128,10.10.1.15,11063,23846.19027310154
145.6913925599027,10.10.2.6,10189,10.10.1.8,11173,24012.82104400015
145.70624261071396,10.10.2.6,10151,10.10.1.7,11167,21810.01680737405
145.72435845204495,10.10.2.6,10168,10.10.1.9,11153,46285.249400919354
146.0330812619334,10.10.2.6,10142,10.10.1.5,11071,242597.33759392827
146.04371689089115,10.10.2.6,10013,10.10.1.5,11009,7175.638671844252
146.07783213185087,10.10.2.6,10074,10.10.1.4,11174,22343.942972158515
146.08777461576554,10.10.2.6,10180,10.10.1.5,11128,3801.1629455642974
146.35564116019654,10.10.2.6,10191,10.10.1.13,11189,2395.5641234167847
146.49418865592196,10.10.2.6,10124,10.10.1.14,11100,137382842.3765296
146.64548500062986,10.10.2.6,10092,10.10.1.6,11062,6631.455411599336
146.68367031587718,10.10.2.6,10187,10.10.1.10,11072,21403.597109502483
146.80039244092796,10.10.2.6,10087,10.10.1.7,11128,62417.80522833922
146.84953060748387,10.10.2.6,10062,10.10.1.1,11102,5403.619124063088
146.9326634823812,10.10.2.6,10127,10.10.1.8,11123,25342.64601034329
147.02025164838497,10.10.2.6,10188,10.10.1.14,11138,6124.78009026221
147.12315463774948,10.10.2.6,10010,10.10.1.6,11028,19957.337062485076
147.4666853453644,10.10.2.6,10124,10.10.1.9,11149,142824040.45221844
147.59022892929252,10.10.2.6,10027,10.10.1.4,11104,5654597.135494572
147.69721241547623,10.10.2.6,10171,10.10.1.14,11118,122380.53968476159
147.77319010249605,10.10.2.6,10026,10.10.1.5,11096,40806.25009219139
147.96661212778773,10.10.2.6,10172,10.10.1.13,11130,24776.777405450684
148.1264061866352,10.10.2.6,10082,10.10.1.16,11033,9517.256377620786
148.126456139044,10.10.2.6,10071,10.10.1.15,11101,8806.488974218251
148.1308991665224,10.10.2.6,10026,10.10.1.8,11187,8482.339322027592
148.20358147276218,10.10.2.6,10005,10.10.1.12,11051,2368.6778490763004
148.27727803806656,10.10.2.6,10037,10.10.1.4,11129,921402531.5778823
148.29724453706118,10.10.2.6,10121,10.10.1.6,11103,17944.605547928222
148.52040217853627,10.10.2.6,10144,10.10.1.8,11185,5855149.6203526
148.6363752417288,10.10.2.6,10053,10.10.1.5,11135,62872.17673700464
148.6463023203983,10.10.2.6,10187,10.10.1.15,11131,2089.6049488525778
148.70890780918515,10.10.2.6,10034,10.10.1.16,11091,2376.9778937577016
148.8832289089763,10.10.2.6,10013,10.10.1.12,11138,49315723.94389981
148.9548406853532,10.10.2.6,10198,10.10.1.13,11164,40500.62027227812
149.0223803681505,10.10.2.6,10067,10.10.1.16,11087,102723189.86693844
149.0452855703827,10.10.2.6,10055,10.10.1.10,11075,5845989.460280896
149.06057939416107,10.10.2.6,10187,10.10.1.13,11098,18529.82119645343
149.18839422839042,10.10.2.6,10087,10.10.1.3,11075,5980.85727483673
149.215371300926,10.10.2.6,10159,10.10.1.4,11183,15027.062798910409
149.2396455119294,10.10.2.6,10135,10.10.1.1,11128,1541.4186016049023
149.42542528243607,10.10.2.6,10073,10.10.1.14,11039,8880.420227634635
149.50675020229085,10.10.2.6,10110,10.10.1.1,11036,11133.88488285208
149.5391942039007,10.10.2.6,10107,10.10.1.13,11082,22198.860562891783
149.5605124942975,10.10.2.6,10066,10.10.1.2,11029,37583.2304936948
149.6584659955602,10.10.2.6,10157,10.10.1.15,11120,3561.123159900887
149.713175530119,10.10.2.6,10016,10.10.1.11,11074,22575.16071790779
149.78342890927703,10.10.2.6,10073,10.10.1.2,11016,46809781.409782626
149.80725127898094,10.10.2.6,10188,10.10.1.7,11049,3228.9311742863556
149.81520875470548,10.10.2.6,10064,10.10.1.9,11112,3677.583937725867
149.87963482370876,10.10.2.6,10056,10.10.1.10,11172,1790980084.2428954
149.90898274788594,10.10.2.6,10182,10.10.1.15,11163,4699463.970719588
150.0622690331852,10.10.2.6,10109,10.10.1.1,11043,1672.1251279072542
150.06270988195314,10.10.2.6,10039,10.10.1.12,11090,5962.98100756537
150.3969157696736,10.10.2.6,10029,10.10.1.4,11188,2822.7318260403904
150.43091189978966,10.10.2.6,10082,10.10.1.13,11107,4408.887737181788
150.48986630193883,10.10.2.6,10037,10.10.1.8,11043,53248.67823031148
150.51328966847535,10.10.2.6,10178,10.10.1.15,11031,6076.461635246663
150.7236157437018,10.10.2.6,10043,10.10.1.14,11064,101876.93679246552
150.8065837501617,10.10.2.6,10061,10.10.1.10,11133,18661.98657221081
150.8746982915156,10.10.2.6,10064,10.10.1.8,11001,6096563.334308797
150.89185303409448,10.10.2.6,10001,10.10.1.12,11025,36238.80098542711
150.9151890986544,10.10.2.6,10101,10.10.1.15,11105,36628350.21273011
150.91659294526107,10.10.2.6,10098,10.10.1.5,11092,2836.9183112148644
151.14037289329065,10.10.2.6,10057,10.10.1.9,11025,68188.53238558909
151.27091168558826,10.10.2.6,10071,10.10.1.7,11104,33446.57353897945
151.2977864058941,10.10.2.6,10080,10.10.1.1,11179,71561.57675450273
151.42072499443967,10.10.2.6,10170,10.10.1.9,11143,45117.058767874776
151.5168810809962,10.10.2.6,10111,10.10.1.10,11158,5601.459993820094
151.58201362391742,10.10.2.6,10083,10.10.1.14,11050,6088215.611413134
151.64757642995298,10.10.2.6,10116,10.10.1.13,11065,21587.595762429257
151.66182388973175,10.10.2.6,10167,10.10.1.9,11008,23634.99679102684
151.76362144998376,10.10.2.6,10171,10.10.1.1,11033,5166676.957698144
151.78976516899482,10.10.2.6,10028,10.10.1.6,11082,3302.1152629818316
151.87923074089912,10.10.2.6,10003,10.10.1.5,11121,172796.3253250381
151.91649911430798,10.10.2.6,10148,10.10.1.3,11010,6998.458649565199
152.00530525006448,10.10.2.6,10116,10.10.1.5,11118,7994.970466362488
152.0499331387079,10.10.2.6,10104,10.10.1.1,11071,3645.9541653739343
152.15752576788117,10.10.2.6,10077,10.10.1.2,11137,7823.200202368752
152.1948048376797,10.10.2.6,10142,10.10.1.4,11159,43564.261402598524
152.32857032377572,10.10.2.6,10185,10.10.1.14,11059,30156.711538235017
152.44555517095705,10.10.2.6,10120,10.10.1.11,11082,34447.76274221453
152.53771036487893,10.10.2.6,10028,10.10.1.12,11041,84670.4183362868
153.07990092699674,10.10.2.6,10159,10.10.1.9,11057,4916.616389708257
153.34176411044743,10.10.2.6,10188,10.10.1.6,11166,2095.0537530237643
153.4421563769091,10.10.2.6,10152,10.10.1.12,11126,6040.734308349348
153.44805364476818,10.10.2.6,10174,10.10.1.9,11135,66244.8053614644
153.7910329154529,10.10.2.6,10074,10.10.1.16,11170,1778.3114660247197
153.8555752893781,10.10.2.6,10149,10.10.1.12,11195,2862.163138351061
153.86717100622138,10.10.2.6,10195,10.10.1.9,11015,3201.985782244541
153.91280406583576,10.10.2.6,10107,10.10.1.8,11134,4092945.7623696653
154.00926654844307,10.10.2.6,10042,10.10.1.6,11049,11222.196190012759
154.08016023295667,10.10.2.6,10112,10.10.1.3,11023,51118.03911579172
154.22764004467325,10.10.2.6,10129,10.10.1.4,11011,1201531295.764192
154.2568124260574,10.10.2.6,10005,10.10.1.16,11104,6794.833832645073
154.25771699103407,10.10.2.6,10188,10.10.1.11,11098,6955.981311446783
154.38558289067103,10.10.2.6,10047,10.10.1.14,11146,4000313.312125655
154.410112693932,10.10.2.6,10186,10.10.1.16,11006,5423.281507081483
154.5380427873572,10.10.2.6,10166,10.10.1.9,11053,23827.067779745455
154.5817210087597,10.10.2.6,10138,10.10.1.12,11025,16582.665315843766
154.74838936276643,10.10.2.6,10057,10.10.1.1,11106,8678.772706144446
154.77390618213687,10.10.2.6,10066,10.10.1.8,11147,6044505.137521242
154.81081259673428,10.10.2.6,10030,10.10.1.7,11022,5689.884692060968
154.81257896477948,10.10.2.6,10177,10.10.1.11,11148,970502014.6941402
154.82027941577857,10.10.2.6,10090,10.10.1.11,11162,5951922.410941177
154.9519414561567,10.10.2.6,10146,10.10.1.16,11090,40660.56351176134
155.04108013299137,10.10.2.6,10136,10.10.1.3,11192,22568.67916465908
155.04125059221212,10.10.2.6,10016,10.10.1.5,11046,797974620.5611997
155.12350862234615,10.10.2.6,10090,10.10.1.9,11058,5146.011452781782
155.1662554275278,10.10.2.6,10157,10.10.1.2,11078,36767.130875773124
155.3719744305392,10.10.2.6,10157,10.10.1.14,11106,2887.0255596552156
155.58203412787387,10.10.2.6,10080,10.10.1.10,11193,2768.439599095821
155.63061418668343,10.10.2.6,10029,10.10.1.10,11150,2296.698118085595
155.6923063303225,10.10.2.6,10146,10.10.1.1,11077,21759.06861015433
155.7109746785495,10.10.2.6,10102,10.10.1.14,11105,86972.41416854285
155.7974292630628,10.10.2.6,10115,10.10.1.15,11150,36971.03898209315
155.8257728646531,10.10.2.6,10078,10.10.1.1,11084,1240970739.6224327
155.98041796903522,10.10.2.6,10098,10.10.1.8,11048,4397746.8044092525
156.06267684146007,10.10.2.6,10157,10.10.1.7,11134,6190666.503182566
156.22921870851553,10.10.2.6,10190,10.10.1.3,11046,4378.465116203055
156.27210653969283,10.10.2.6,10142,10.10.1.3,11074,22549.800997393606
156.3217588005419,10.10.2.6,10006,10.10.1.16,11038,6031.209502480109
156.3293567981236,10.10.2.6,10113,10.10.1.5,11107,42353.568115221016
156.43184572070675,10.10.2.6,10001,10.10.1.14,11082,136240804.51030508
156.61602943179702,10.10.2.6,10042,10.10.1.9,11090,3253.5901454020413
156.92363802891768,10.10.2.6,10034,10.10.1.1,11142,74306.8126188539
157.0929391539734,10.10.2.6,10175,10.10.1.11,11157,40006564.6033306
157.39485579182292,10.10.2.6,10084,10.10.1.5,11148,1660.2185533278412
157.4082314256022,10.10.2.6,10072,10.10.1.8,11168,3994.259496185942
157.42699765291164,10.10.2.6,10021,10.10.1.13,11175,104033.34532809854
157.44434988548278,10.10.2.6,10093,10.10.1.16,11013,46881768.845632635
157.59948318989217,10.10.2.6,10019,10.10.1.11,11196,1784.8769415967752
157.6683975282022,10.10.2.6,10108,10.10.1.8,11153,2845.527429820638
157.80664897345738,10.10.2.6,10159,10.10.1.4,11026,5492.453650323992
157.86408726572478,10.10.2.6,10059,10.10.1.10,11002,1419766946.6480696
158.0745935593366,10.10.2.6,10012,10.10.1.15,11006,5042.266568204846
158.13369581050142,10.10.2.6,10051,10.10.1.4,11196,1902.296840016814
158.17504329510234,10.10.2.6,10057,10.10.1.16,11139,7898.839029751939
158.21986201598384,10.10.2.6,10020,10.10.1.14,11189,45864.385499125805
158.23098718742315,10.10.2.6,10118,10.10.1.6,11170,2910.5178687608677
158.42546240958742,10.10.2.6,10177,10.10.1.2,11055,47849.685156337226
158.45731590280332,10.10.2.6,10140,10.10.1.3,11152,37306646.96635474
158.47577045237907,10.10.2.6,10057,10.10.1.5,11048,5448.04907246402
158.49869491817662,10.10.2.6,10044,10.10.1.3,11193,1646.1513855169796
158.6614004321337,10.10.2.6,10118,10.10.1.11,11026,1625.7997774414391
158.6784865481725,10.10.2.6,10193,10.10.1.6,11110,28441.312146841734
158.84903487444387,10.10.2.6,10184,10.10.1.10,11065,4762.144319304883
158.88513178717736,10.10.2.6,10014,10.10.1.12,11175,45148856.63532625
158.94506777667814,10.10.2.6,10020,10.10.1.12,11109,963703954.837813
158.964865316832,10.10.2.6,10125,10.10.1.13,11017,7657.723789406295
159.0228196753329,10.10.2.6,10088,10.10.1.14,11159,44344.58682719359
159.17506734405245,10.10.2.6,10089,10.10.1.2,11114,4510.511341586469
159.25634827578094,10.10.2.6,10141,10.10.1.12,11026,74295.74777093687
159.39608751889332,10.10.2.6,10179,10.10.1.8,11120,4531545.679328236
159.46114260055785,10.10.2.6,10042,10.10.1.4,11120,46837040.337285705
159.50317394938978,10.10.2.6,10087,10.10.1.9,11023,39819264.65123321
159.7914289316876,10.10.2.6,10175,10.10.1.9,11176,2141.1835864385894
159.8763156760903,10.10.2.6,10017,10.10.1.6,11041,243850.80637048365
159.87850809228976,10.10.2.6,10007,10.10.1.13,11049,48032.41764261712
159.98422358272768,10.10.2.6,10023,10.10.1.2,11189,41348.93998339094
160.04428855233598,10.10.2.6,10110,10.10.1.1,11097,4025.8235689673215
160.04469318007315,10.10.2.6,10101,10.10.1.4,11101,105245623.50442544
160.11328166234114,10.10.2.6,10014,10.10.1.1,11035,6958.6348104445815
160.14802915989526,10.10.2.6,10130,10.10.1.5,11189,20879.620640303336
160.16503084436664,10.10.2.6,10070,10.10.1.1,11081,15324.534523165743
160.36116766320885,10.10.2.6,10105,10.10.1.13,11150,22802.15521972306
160.40081760781604,10.10.2.6,10116,10.10.1.12,11059,1618.6391746552079
160.42118596677867,10.10.2.6,10020,10.10.1.4,11158,22717.617495624705
160.58516865385715,10.10.2.6,10144,10.10.1.16,11189,5567.069780766581
160.6037842972353,10.10.2.6,10090,10.10.1.8,11092,23425.556969657362
160.8810165152347,10.10.2.6,10139,10.10.1.7,11193,2333.6893937784116
160.8983161011848,10.10.2.6,10036,10.10.1.11,11007,3252.548182004947
161.00720882922352,10.10.2.6,10032,10.10.1.12,11155,2161.526756004031
161.0189512877123,10.10.2.6,10053,10.10.1.4,11112,24165.467648745704
161.10262080699664,10.10.2.6,10080,10.10.1.4,11163,6858.687328577589
161.27032526295952,10.10.2.6,10006,10.10.1.8,11087,22897.830340887507
161.31843009608912,10.10.2.6,10153,10.10.1.2,11146,74962.46822777085
161.38285761379808,10.10.2.6,10003,10.10.1.16,11094,2891.270391824606
161.45175212009266,10.10.2.6,10188,10.10.1.16,11158,3643.7321581848773
161.45267401704518,10.10.2.6,10094,10.10.1.3,11058,29469.966692024827
161.49700995405016,10.10.2.6,10185,10.10.1.3,11164,20536.73433895479
161.72182236431237,10.10.2.6,10152,10.10.1.13,11047,960334913.9343616
161.74176056409166,10.10.2.6,10049,10.10.1.16,11169,20420.067693929424
161.97966563211878,10.10.2.6,10039,10.10.1.12,11023,2646.0189298138457
162.14043636110958,10.10.2.6,10053,10.10.1.14,11129,4607066.1046139365
162.20717201717665,10.10.2.6,10011,10.10.1.5,11105,24399.84909156098
162.2250406559565,10.10.2.6,10038,10.10.1.6,11117,16660.474590928283
162.2692494775206,10.10.2.6,10084,10.10.1.12,11018,34677.352781265996
162.46897484869845,10.10.2.6,10192,10.10.1.13,11083,5830.471797564392
162.48885521703014,10.10.2.6,10006,10.10.1.3,11102,5611746.973761338
162.5122521963879,10.10.2.6,10036,10.10.1.8,11099,4865.790647990988
162.52848752808356,10.10.2.6,10151,10.10.1.9,11051,40963477.689868346
162.71451784015215,10.10.2.6,10051,10.10.1.4,11061,5622353.682363377
162.85449717794697,10.10.2.6,10120,10.10.1.15,11187,70127.22831701276
162.96361291436202,10.10.2.6,10000,10.10.1.1,11001,9520.779914257739
163.0422607098676,10.10.2.6,10049,10.10.1.13,11040,5107.570165926762
163.1210433164578,10.10.2.6,10077,10.10.1.9,11100,5212.186302677387
163.1629809769198,10.10.2.6,10065,10.10.1.4,11126,35935.84366717127
163.20087222323502,10.10.2.6,10034,10.10.1.10,11144,22999.83515657849
163.29692364588706,10.10.2.6,10126,10.10.1.14,11006,1283850830.4138448
163.4488230883112,10.10.2.6,10001,10.10.1.5,11007,5624.96070213506
163.50638400465917,10.10.2.6,10131,10.10.1.5,11184,29504.17403199665
163.54340043395624,10.10.2.6,10100,10.10.1.3,11063,1683616820.0958488
163.60303171913986,10.10.2.6,10043,10.10.1.6,11141,2217.5508591033395
163.682891823136,10.10.2.6,10132,10.10.1.16,11130,10400.02487001177
163.78531840839094,10.10.2.6,10138,10.10.1.13,11158,49570626.00848285
163.85876188851012,10.10.2.6,10156,10.10.1.15,11114,4857.055727561383
164.05253792189694,10.10.2.6,10195,10.10.1.4,11058,1803.9552694691954
164.21332690929714,10.10.2.6,10066,10.10.1.14,11189,9287.430880037326
164.40932963731518,10.10.2.6,10032,10.10.1.15,11184,3376.6004902722098
164.46953988116226,10.10.2.6,10097,10.10.1.13,11144,33380.523911184464
164.62483004478003,10.10.2.6,10014,10.10.1.14,11114,3736.973924995488
164.6870896488226,10.10.2.6,10150,10.10.1.4,11055,6246668.19694806
164.8126277092073,10.10.2.6,10043,10.10.1.1,11009,2482.071258114708
164.84466504019235,10.10.2.6,10104,10.10.1.11,11191,5435461553.772916
164.93711731341844,10.10.2.6,10018,10.10.1.16,11177,1706.312968853471
164.99277540213942,10.10.2.6,10086,10.10.1.4,11165,11490.178407450074
165.0757587498324,10.10.2.6,10030,10.10.1.3,11043,1180885669.235586
165.12752744463594,10.10.2.6,10023,10.10.1.9,11112,30893.350681690063
165.28266447408342,10.10.2.6,10195,10.10.1.6,11069,25196.825093195996
165.44228707892304,10.10.2.6,10151,10.10.1.2,11015,27311.637331286052
165.54441681396267,10.10.2.6,10189,10.10.1.2,11051,2747.5354486517854
165.69851962831066,10.10.2.6,10191,10.10.1.1,11167,5270.27302316639
165.93779931282484,10.10.2.6,10178,10.10.1.2,11175,11762054.086106082
165.9486971394772,10.10.2.6,10090,10.10.1.1,11176,47386.999701992965
165.9531684457648,10.10.2.6,10155,10.10.1.7,11181,2007.8971956920414
166.19661512844576,10.10.2.6,10147,10.10.1.14,11124,2039.50931543372
166.23046830742192,10.10.2.6,10169,10.10.1.13,11164,7464.239701780714
166.34634553540312,10.10.2.6,10119,10.10.1.7,11171,64904.37904631257
166.3646672727822,10.10.2.6,10109,10.10.1.5,11013,5256986.157624828
166.66330281252425,10.10.2.6,10147,10.10.1.7,11085,7201.509214598996
166.69612187443838,10.10.2.6,10183,10.10.1.3,11071,2293.6218831869423
166.7143306460811,10.10.2.6,10144,10.10.1.13,11012,4328836.508141412
166.7204350230956,10.10.2.6,10125,10.10.1.16,11061,471564.95348504226
166.85871667454091,10.10.2.6,10050,10.10.1.2,11139,2502.9550667745434
166.89304434348466,10.10.2.6,10193,10.10.1.1,11163,24486.57262705157
167.0858031652923,10.10.2.6,10019,10.10.1.1,11198,21272.828761030396
167.1040018113882,10.10.2.6,10107,10.10.1.12,11108,100211.64432622668
167.12107319719473,10.10.2.6,10020,10.10.1.2,11189,119278.67539380284
167.13245902959036,10.10.2.6,10047,10.10.1.1,11144,38048.971964318276
167.1342508486537,10.10.2.6,10156,10.10.1.5,11081,12272.52542207839
167.13940180961487,10.10.2.6,10163,10.10.1.10,11054,15859.062036335605
167.15137296217898,10.10.2.6,10130,10.10.1.9,11060,3251.3317794208365
167.31076106429208,10.10.2.6,10102,10.10.1.16,11171,5769896.351392482
167.55483927634197,10.10.2.6,10071,10.10.1.16,11030,116457.48982892066
167.55567682708852,10.10.2.6,10137,10.10.1.8,11046,3259.6588495653073
167.57024198978465,10.10.2.6,10019,10.10.1.2,11050,4609.219067564931
167.77860221160623,10.10.2.6,10013,10.10.1.13,11029,12262.904088681156
167.84549795397152,10.10.2.6,10164,10.10.1.16,11113,2186.900010342133
167.87584721563124,10.10.2.6,10192,10.10.1.13,11028,1519.5443812283436
167.9403461820434,10.10.2.6,10015,10.10.1.7,11172,3723.462489272601
167.95920477240765,10.10.2.6,10108,10.10.1.2,11069,5602364.111201823
168.11124735495204,10.10.2.6,10055,10.10.1.2,11124,5417479.278690019
168.43239011124854,10.10.2.6,10152,10.10.1.13,11080,5303201.005879967
168.4706568491074,10.10.2.6,10055,10.10.1.16,11069,6408.344141464696
168.62028729907186,10.10.2.6,10025,10.10.1.14,11144,2688.4457123494017
168.65466085040683,10.10.2.6,10029,10.10.1.16,11021,2763.1000246403914
168.80381448467216,10.10.2.6,10175,10.10.1.6,11109,7473.88461040408
168.94366771539748,10.10.2.6,10161,10.10.1.4,11119,3752.5817861336777
168.99965139172272,10.10.2.6,10115,10.10.1.2,11194,4595650.3916671965
169.3356631260756,10.10.2.6,10080,10.10.1.2,11180,3821.6949149910283
169.4649794714059,10.10.2.6,10073,10.10.1.16,11182,1526.5194962520923
169.47572835927494,10.10.2.6,10136,10.10.1.7,11055,58875.564885660366
169.55004910593797,10.10.2.6,10033,10.10.1.4,11107,64426460.77583099
169.7154702624742,10.10.2.6,10086,10.10.1.3,11068,49777.966094219846
169.82887305028376,10.10.2.6,10041,10.10.1.2,11100,15471.779931073794
169.86678306507952,10.10.2.6,10195,10.10.1.8,11009,2340.5693331774714
169.98360914248607,10.10.2.6,10051,10.10.1.1,11187,21888.809437698324
170.00925267209914,10.10.2.6,10142,10.10.1.2,11140,15869.061847408724
170.04882493107553,10.10.2.6,10083,10.10.1.4,11135,32362993.76387721
170.1128241314879,10.10.2.6,10058,10.10.1.5,11073,10419770.694695279
170.15414135609674,10.10.2.6,10029,10.10.1.6,11162,39565.71891957545
170.16944755480935,10.10.2.6,10145,10.10.1.6,11134,83817.08857268722
170.2351299854917,10.10.2.6,10149,10.10.1.11,11147,79609.85317072937
170.25807163086716,10.10.2.6,10008,10.10.1.6,11065,1585.2528179348196
170.30933967457395,10.10.2.6,10017,10.10.1.5,11066,5259531.541984345
170.49473950433563,10.10.2.6,10101,10.10.1.10,11009,65843.98485158265
170.51011853744362,10.10.2.6,10048,10.10.1.14,11057,3784.1909736985244
170.63223157628406,10.10.2.6,10190,10.10.1.5,11030,4115076.6628559777
170.66616215527716,10.10.2.6,10146,10.10.1.10,11168,2765.753960368545
170.7436612931117,10.10.2.6,10020,10.10.1.8,11135,41059820.06887248
170.80957835949707,10.10.2.6,10127,10.10.1.7,11108,27900.665796520436
170.84516056290803,10.10.2.6,10003,10.10.1.7,11169,3113.225138896739
170.88222043314124,10.10.2.6,10077,10.10.1.10,11028,6834.463664282284
170.9296670484681,10.10.2.6,10104,10.10.1.7,11062,1210063598.9200225
170.9683008577831,10.10.2.6,10170,10.10.1.16,11053,33321.7254165868
171.1893671060109,10.10.2.6,10193,10.10.1.8,11169,2980.578264563086
171.24644163423395,10.10.2.6,10091,10.10.1.15,11031,1954.6797987058133
171.25419330156822,10.10.2.6,10098,10.10.1.15,11098,22636.509844776298
171.32145901414052,10.10.2.6,10153,10.10.1.1,11001,4438.799590268368
171.37841781382392,10.10.2.6,10056,10.10.1.7,11114,2408.3231367285616
171.43641562174366,10.10.2.6,10070,10.10.1.10,11070,2389.5476584982925
171.45611481019736,10.10.2.6,10022,10.10.1.5,11128,5928.518654904324
171.45898302047112,10.10.2.6,10106,10.10.1.7,11062,49981.23339417215
171.45997681198756,10.10.2.6,10133,10.10.1.15,11194,3068.454027107694
171.51115177489044,10.10.2.6,10141,10.10.1.3,11105,34866607.32511547
171.65108817223754,10.10.2.6,10151,10.10.1.6,11059,3501.5294348879756
171.65256497377777,10.10.2.6,10051,10.10.1.5,11181,2273.9923467583944
171.78343764091798,10.10.2.6,10183,10.10.1.3,11051,3973096.526243665
172.01533600729766,10.10.2.6,10158,10.10.1.13,11093,41442644.52820864
172.05722077184046,10.10.2.6,10106,10.10.1.10,11190,17688.180608267794
172.05920257379256,10.10.2.6,10145,10.10.1.3,11050,2707.33854472783
172.0655298533043,10.10.2.6,10144,10.10.1.12,11097,3363.9304954087274
172.07870286902968,10.10.2.6,10079,10.10.1.13,11103,66498817.19381723
172.19868166762814,10.10.2.6,10168,10.10.1.12,11153,4720.309536756835
172.3348609578027,10.10.2.6,10010,10.10.1.10,11087,29278.900352026754
172.35807788132945,10.10.2.6,10035,10.10.1.16,11177,80304.38799556761
172.42526405647806,10.10.2.6,10014,10.10.1.5,11125,32762090.980698742
172.4379509439184,10.10.2.6,10033,10.10.1.9,11081,20228.605800594592
172.49403507090815,10.10.2.6,10188,10.10.1.3,11158,1788.0505164004524
172.59521744002907,10.10.2.6,10033,10.10.1.8,11083,47180.526595986725
172.61181830451113,10.10.2.6,10139,10.10.1.1,11170,611169.2367829782
172.69155871752494,10.10.2.6,10001,10.10.1.6,11067,16718.527269524446
172.88542570570561,10.10.2.6,10194,10.10.1.4,11078,1962.9442900410831
173.09711914889274,10.10.2.6,10191,10.10.1.7,11084,36492937.179891326
173.10682452148714,10.10.2.6,10055,10.10.1.9,11056,9824.277974906689
173.1207480297776,10.10.2.6,10069,10.10.1.12,11135,168987.44990725696
173.25118534472648,10.10.2.6,10089,10.10.1.14,11116,32266.821074712723
173.41367994226763,10.10.2.6,10045,10.10.1.5,11120,7937.877721140694
173.68545318070218,10.10.2.6,10165,10.10.1.8,11132,4005325.279077017
173.73844689515815,10.10.2.6,10013,10.10.1.15,11079,1170510997.8493063
173.7944647358929,10.10.2.6,10054,10.10.1.15,11115,157428.32332976296
173.8717411122687,10.10.2.6,10159,10.10.1.1,11041,9584.195920450724
173.8930706036686,10.10.2.6,10027,10.10.1.2,11086,3380.205081569097
173.90687346333294,10.10.2.6,10082,10.10.1.9,11188,5871.107272107245
174.0861616225097,10.10.2.6,10198,10.10.1.10,11158,46787446.99305496
174.10589843666816,10.10.2.6,10134,10.10.1.8,11108,8065.327714377135
174.2190792311617,10.10.2.6,10052,10.10.1.8,11073,1593.6429933865409
174.23364328277742,10.10.2.6,10024,10.10.1.9,11100,2498.791113697837
174.27124406538698,10.10.2.6,10153,10.10.1.3,11054,2378.997057481982
174.36126626685424,10.10.2.6,10183,10.10.1.11,11097,31116.459113616456
174.5112718523773,10.10.2.6,10189,10.10.1.14,11124,52112.30111150024
174.57260676870627,10.10.2.6,10086,10.10.1.13,11179,5898845.028207414
174.57330036747746,10.10.2.6,10185,10.10.1.8,11098,3326.6770544614405
174.64619743758598,10.10.2.6,10056,10.10.1.12,11080,5731.579519845793
174.70584269053376,10.10.2.6,10122,10.10.1.8,11034,61559.72952129502
174.82454154588692,10.10.2.6,10063,10.10.1.11,11075,110330.71513574212
174.87923347176505,10.10.2.6,10191,10.10.1.14,11073,106710874.7860831
174.9761009921747,10.10.2.6,10006,10.10.1.2,11035,4948.458843457748
175.16679669220335,10.10.2.6,10149,10.10.1.5,11065,6167567.6814442985
175.18914438612202,10.10.2.6,10001,10.10.1.14,11069,118898.86009992607
175.21818898669315,10.10.2.6,10104,10.10.1.10,11139,5121957.654680568
175.2343599151304,10.10.2.6,10061,10.10.1.12,11181,45673.878640391726
175.37080093376125,10.10.2.6,10151,10.10.1.1,11004,87506979.83003427
175.69069657593872,10.10.2.6,10156,10.10.1.13,11061,20248.278625437146
175.73634173600763,10.10.2.6,10187,10.10.1.12,11130,4604818.6280555185
175.79309233807143,10.10.2.6,10140,10.10.1.11,11085,85261.12497675551
175.88488215961647,10.10.2.6,10139,10.10.1.13,11190,45656.59011050012
175.9803391820116,10.10.2.6,10143,10.10.1.7,11072,6020889.456344831
176.1587506658241,10.10.2.6,10139,10.10.1.13,11010,2525.247307295701
176.20387900815186,10.10.2.6,10120,10.10.1.10,11062,115348722.69072503
176.24126996855728,10.10.2.6,10015,10.10.1.7,11043,2139.946140884857
176.2604293395,10.10.2.6,10138,10.10.1.16,11030,5278665.070687924
176.36963664198066,10.10.2.6,10048,10.10.1.7,11048,19592.3749865245
176.43922027884835,10.10.2.6,10118,10.10.1.7,11032,5466.1969041649445
176.53191013258103,10.10.2.6,10090,10.10.1.7,11174,87654.16876817118
176.5989673712989,10.10.2.6,10162,10.10.1.10,11030,9146.36182806094
176.63581590458452,10.10.2.6,10138,10.10.1.13,11094,1903.4756395147795
176.6592939978818,10.10.2.6,10083,10.10.1.10,11190,67533.00668327305
176.72678323956058,10.10.2.6,10063,10.10.1.5,11005,5171.789691736067
176.76853253908965,10.10.2.6,10072,10.10.1.1,11182,20907.891762995358
176.8372888509555,10.10.2.6,10115,10.10.1.12,11084,3268.7711559074405
176.8544495353311,10.10.2.6,10046,10.10.1.11,11112,1559.123430086997
177.0842001130663,10.10.2.6,10003,10.10.1.14,11010,102977.71338802128
177.11342871816228,10.10.2.6,10020,10.10.1.14,11049,3592.910092966587
177.16693798517986,10.10.2.6,10020,10.10.1.15,11179,4418051.682201596
177.20769659266767,10.10.2.6,10067,10.10.1.3,11152,23227.266139871237
177.6897064599351,10.10.2.6,10024,10.10.1.2,11161,1771.6257344373016
177.70077082289083,10.10.2.6,10131,10.10.1.8,11013,37149.402569198006
177.70805007620515,10.10.2.6,10062,10.10.1.14,11184,10321.010975233832
177.71743920103756,10.10.2.6,10098,10.10.1.13,11125,33772271.806268156
177.87194699583046,10.10.2.6,10049,10.10.1.10,11192,9811.009737120276
178.07999616088395,10.10.2.6,10021,10.10.1.11,11029,7214.174029653851
178.13340139489858,10.10.2.6,10076,10.10.1.2,11185,496444.1359629044
178.50055300924976,10.10.2.6,10074,10.10.1.10,11162,1223156150.63989
178.58147221861455,10.10.2.6,10162,10.10.1.7,11043,8478.384507125342
178.6729919899101,10.10.2.6,10160,10.10.1.7,11035,6875.37916668225
178.78315858374944,10.10.2.6,10069,10.10.1.7,11133,4795259.932907702
178.84380032173965,10.10.2.6,10151,10.10.1.3,11091,3053.2785672083924
178.9576164395286,10.10.2.6,10167,10.10.1.10,11043,120564.66525409199
179.0120968994119,10.10.2.6,10142,10.10.1.8,11036,4225950.597019696
179.16580339518123,10.10.2.6,10143,10.10.1.2,11114,840890124.320462
179.24013567076966,10.10.2.6,10161,10.10.1.9,11161,2976.3085145259606
179.46850061893278,10.10.2.6,10160,10.10.1.9,11141,2471.082803141309
179.4691922059352,10.10.2.6,10098,10.10.1.11,11062,109000.79337395972
179.49701148146326,10.10.2.6,10132,10.10.1.14,11011,21314.831808236748
179.54435249355947,10.10.2.6,10063,10.10.1.5,11049,27192.182739296688
179.5659712310795,10.10.2.6,10056,10.10.1.10,11093,105881321.09460801
179.63590738978874,10.10.2.6,10178,10.10.1.3,11053,35410.20538072372
179.64450218128718,10.10.2.6,10089,10.10.1.4,11075,8591.67535425486
179.70494409655117,10.10.2.6,10128,10.10.1.14,11019,138782072.83894452
179.7062361112339,10.10.2.6,10031,10.10.1.8,11189,2584.9855271773204
180.03627169967683,10.10.2.6,10163,10.10.1.4,11001,37305.88054963817
180.05790561210227,10.10.2.6,10071,10.10.1.7,11147,9865.525936274258
180.16174927546126,10.10.2.6,10104,10.10.1.13,11032,2875.6585212813557
180.260809638834,10.10.2.6,10173,10.10.1.10,11014,3665.23069348532
180.33853732924223,10.10.2.6,10186,10.10.1.14,11151,1248261.0341428749
180.44527878105023,10.10.2.6,10098,10.10.1.10,11104,73397.49349305383
180.4879601330769,10.10.2.6,10171,10.10.1.6,11183,16706.68018555339
180.54316142485064,10.10.2.6,10102,10.10.1.16,11083,59316.396134610855
180.5600572776133,10.10.2.6,10139,10.10.1.13,11027,5519.223749022778
180.72258765164784,10.10.2.6,10174,10.10.1.5,11171,18415.52258187833
180.83504523986417,10.10.2.6,10161,10.10.1.2,11173,31413.205742840357
181.0113025544354,10.10.2.6,10159,10.10.1.10,11102,2412.977876101812
181.0144787269118,10.10.2.6,10186,10.10.1.11,11070,5832.144061227967
181.1654342292741,10.10.2.6,10089,10.10.1.11,11048,1859.9955434251708
181.29648211108184,10.10.2.6,10148,10.10.1.5,11017,9159.407440974772
181.2994762993476,10.10.2.6,10098,10.10.1.15,11184,10654.484675624173
181.3565063151927,10.10.2.6,10143,10.10.1.7,11058,1598.3804393385246
181.4112540423642,10.10.2.6,10010,10.10.1.12,11167,40256093.43100459
181.54319092202246,10.10.2.6,10153,10.10.1.8,11162,47654.72610313492
181.60562904251557,10.10.2.6,10061,10.10.1.5,11030,97817.2193267303
181.67331035299446,10.10.2.6,10036,10.10.1.9,11036,209868.09357751982
181.72204926392178,10.10.2.6,10118,10.10.1.4,11163,5382260.435898621
181.8148169682621,10.10.2.6,10076,10.10.1.15,11174,32033.569315916964
181.84490267678856,10.10.2.6,10142,10.10.1.12,11147,1074204.5657648738
181.84989682390784,10.10.2.6,10186,10.10.1.3,11144,3470.593053524824
181.86755866256524,10.10.2.6,10012,10.10.1.7,11023,9106.25662898332
181.99039194768878,10.10.2.6,10032,10.10.1.1,11017,20305.2999835164
182.13137536670877,10.10.2.6,10019,10.10.1.11,11194,24698.222316358006
182.20171680999226,10.10.2.6,10140,10.10.1.2,11087,9123.673164480346
182.20354003463027,10.10.2.6,10144,10.10.1.6,11085,124384.47557173621
182.45585577243386,10.10.2.6,10179,10.10.1.4,11197,2325.5554011322142
182.48138188024325,10.10.2.6,10135,10.10.1.11,11186,65335139.557875834
182.49986248519934,10.10.2.6,10081,10.10.1.12,11132,7053.859462116473
182.56106447598017,10.10.2.6,10078,10.10.1.4,11032,11860.1840894132
182.59824554733171,10.10.2.6,10057,10.10.1.5,11123,41425483.28725828
182.6046226186926,10.10.2.6,10033,10.10.1.10,11005,2122.6392277494137
182.61841240949582,10.10.2.6,10094,10.10.1.3,11002,8872.330521183841
182.84299270099834,10.10.2.6,10048,10.10.1.14,11017,11938.473199849403
182.86179265413216,10.10.2.6,10131,10.10.1.15,11122,6765.1043953121825
182.92401144794397,10.10.2.6,10078,10.10.1.4,11179,6589.2631544085725
183.1195034738533,10.10.2.6,10127,10.10.1.13,11058,4783973.798234724
183.1391333195311,10.10.2.6,10105,10.10.1.8,11157,3565.8550226183415
183.15514384214876,10.10.2.6,10022,10.10.1.8,11164,9356.998158071603
183.226442045535,10.10.2.6,10149,10.10.1.7,11067,2435.3347284113433
183.24355284540644,10.10.2.6,10166,10.10.1.14,11094,3675.3142730070244
183.27728099246883,10.10.2.6,10177,10.10.1.4,11191,77670403.23298195
183.28213576246097,10.10.2.6,10128,10.10.1.4,11136,1852707916.600899
183.31228564041314,10.10.2.6,10179,10.10.1.14,11137,20566.839240312333
183.3449266210504,10.10.2.6,10077,10.10.1.12,11066,4615.166443207859
183.46422317839543,10.10.2.6,10012,10.10.1.4,11022,6048.33394408096
183.5604611319332,10.10.2.6,10190,10.10.1.14,11119,964515.5345342169
183.58336634757555,10.10.2.6,10102,10.10.1.2,11179,2673.86799185974
183.6327915254001,10.10.2.6,10011,10.10.1.9,11165,3834.5758414713564
183.75077819053047,10.10.2.6,10132,10.10.1.6,11196,44496335.79745238
183.84636133692152,10.10.2.6,10194,10.10.1.5,11065,8638.313669522726
183.97310453345565,10.10.2.6,10039,10.10.1.12,11129,3267.6152255077427
184.03875448640724,10.10.2.6,10169,10.10.1.7,11048,41350730.78825724
184.0818733407631,10.10.2.6,10057,10.10.1.1,11085,30875.237944021348
184.1731660730924,10.10.2.6,10063,10.10.1.11,11000,41348.23033253311
184.24890017860795,10.10.2.6,10140,10.10.1.11,11043,1684.412582307131
184.29587973887416,10.10.2.6,10192,10.10.1.2,11126,2913.8185416200026
184.33638745240643,10.10.2.6,10166,10.10.1.10,11037,8444.774075840956
184.42429126683993,10.10.2.6,10120,10.10.1.12,11162,113059.65833352969
184.53960328226515,10.10.2.6,10148,10.10.1.2,11033,101237.97253332043
184.5538827653599,10.10.2.6,10035,10.10.1.4,11056,3288.547031699534
184.6280306844291,10.10.2.6,10075,10.10.1.9,11185,5337.0638899474625
184.66146376193853,10.10.2.6,10093,10.10.1.6,11034,1296669309.797413
184.68651962153456,10.10.2.6,10044,10.10.1.4,11125,93024679.13818471
184.79129215895995,10.10.2.6,10040,10.10.1.7,11125,5544.325322784072
184.92037725590203,10.10.2.6,10105,10.10.1.10,11017,204109.48512875632
184.92338358557515,10.10.2.6,10004,10.10.1.16,11061,45612101.679540575
184.9875535952206,10.10.2.6,10019,10.10.1.2,11108,1945.273489328644
185.07965482770678,10.10.2.6,10000,10.10.1.1,11001,3056.9488449704213
185.1320391232033,10.10.2.6,10116,10.10.1.16,11171,2485.232017926311
185.17927093416503,10.10.2.6,10092,10.10.1.11,11019,17537.747583271823
185.43481978840822,10.10.2.6,10005,10.10.1.12,11153,246213.50579219553
185.5134570769169,10.10.2.6,10029,10.10.1.7,11185,583683.4970803206
185.7094535887424,10.10.2.6,10072,10.10.1.7,11103,171574.21710188896
185.86671409421172,10.10.2.6,10011,10.10.1.13,11022,9374.254352405378
186.0239075415279,10.10.2.6,10191,10.10.1.3,11188,22168.89216272044
186.10521109683472,10.10.2.6,10038,10.10.1.10,11130,36688.26122978075
186.36315499278996,10.10.2.6,10008,10.10.1.2,11011,1840.015927125964
186.40524923734705,10.10.2.6,10057,10.10.1.1,11044,5650.868755850631
186.49756330937342,10.10.2.6,10103,10.10.1.9,11026,2258.683185054989
186.60197361560836,10.10.2.6,10167,10.10.1.12,11008,3259.7017899077173
186.70014328205875,10.10.2.6,10195,10.10.1.12,11087,8443.66660555315
186.80131795589566,10.10.2.6,10105,10.10.1.6,11008,47398.644273666316
186.87528701529413,10.10.2.6,10047,10.10.1.6,11056,3241.0568871324754
186.94998787294048,10.10.2.6,10024,10.10.1.13,11012,1648.090321767428
187.013581092453,10.10.2.6,10017,10.10.1.1,11072,2842.7385767688857
187.09418026203906,10.10.2.6,10123,10.10.1.5,11114,79265068.56839944
187.10053649943907,10.10.2.6,10031,10.10.1.4,11000,8604.68769470334
187.15249559633324,10.10.2.6,10142,10.10.1.16,11062,3254.310724190388
187.22095828333497,10.10.2.6,10196,10.10.1.13,11024,17924.264216221716
187.39317531537444,10.10.2.6,10086,10.10.1.15,11153,23367.171641832876
187.44915482565077,10.10.2.6,10096,10.10.1.3,11039,2497.889515278927
187.4746609788411,10.10.2.6,10063,10.10.1.5,11102,1833.9073026419942
187.57127436874646,10.10.2.6,10124,10.10.1.15,11038,31579.692168103622
187.60550491409955,10.10.2.6,10177,10.10.1.1,11071,4665.133433749873
187.67986720322966,10.10.2.6,10188,10.10.1.6,11170,1927.3720171742673
187.74265745594232,10.10.2.6,10064,10.10.1.5,11053,2605.2594940146328
187.7973616090944,10.10.2.6,10160,10.10.1.10,11070,20539.146623342935
187.81757001456126,10.10.2.6,10081,10.10.1.1,11058,4135869.767499695
187.81871547522783,10.10.2.6,10026,10.10.1.15,11116,3326.85579191739
187.8249165754213,10.10.2.6,10010,10.10.1.8,11037,6035.539500210853
187.99706210180557,10.10.2.6,10132,10.10.1.10,11135,8822.728373825068
188.0132044166081,10.10.2.6,10099,10.10.1.15,11068,1892.763770576803
188.11134987209832,10.10.2.6,10026,10.10.1.12,11021,31850498.438080993
188.11709171831188,10.10.2.6,10017,10.10.1.13,11169,42003.41540537784
188.63126638562298,10.10.2.6,10144,10.10.1.16,11008,20376.63529048042
188.65572325355598,10.10.2.6,10050,10.10.1.3,11114,48896056.511915155
188.65867585102393,10.10.2.6,10131,10.10.1.10,11029,4731621.29236889
188.71038932265077,10.10.2.6,10023,10.10.1.3,11029,6022070.881115042
189.0749707646132,10.10.2.6,10126,10.10.1.10,11029,17531.142155581325
189.098646354272,10.10.2.6,10175,10.10.1.2,11097,30079.939989173563
189.25793638965695,10.10.2.6,10031,10.10.1.13,11174,67535130.33167402
189.30910445527482,10.10.2.6,10023,10.10.1.11,11033,7694.633864529911
189.4268385426944,10.10.2.6,10183,10.10.1.6,11069,6886.262964792833
189.50465947832768,10.10.2.6,10163,10.10.1.8,11000,18503.77500878017
189.84753561152044,10.10.2.6,10197,10.10.1.14,11032,2308.1742458612694
189.8611311464004,10.10.2.6,10183,10.10.1.6,11002,863504.6467979068
190.02512144274948,10.10.2.6,10068,10.10.1.13,11089,2529.60431311628
190.07368370102034,10.10.2.6,10015,10.10.1.12,11002,6713.803782893702
190.1274389539324,10.10.2.6,10128,10.10.1.9,11010,11197.871729244
190.14843705542873,10.10.2.6,10026,10.10.1.3,11028,29973.630880101387
190.18765232278446,10.10.2.6,10082,10.10.1.10,11180,8449597.73442985
190.36139286563497,10.10.2.6,10116,10.10.1.15,11103,33167.29093907302
190.41936238587274,10.10.2.6,10099,10.10.1.4,11055,11006.260448420644
190.51591642770853,10.10.2.6,10194,10.10.1.10,11187,3532.626437059503
190.8665930476385,10.10.2.6,10190,10.10.1.4,11153,5008125.311635738
190.88285705666195,10.10.2.6,10027,10.10.1.15,11059,7229.997596847515
190.95137536882615,10.10.2.6,10174,10.10.1.7,11135,3092.766199085103
190.95980943439886,10.10.2.6,10158,10.10.1.7,11193,4799902.259284094
191.04224345652983,10.10.2.6,10196,10.10.1.14,11104,5535.548477318785
191.33639372622974,10.10.2.6,10166,10.10.1.2,11157,10585.37343054304
191.67531758895078,10.10.2.6,10063,10.10.1.7,11049,23922.03261902213
191.69463670036063,10.10.2.6,10070,10.10.1.13,11099,6242537.818357672
192.00975421833903,10.10.2.6,10195,10.10.1.16,11125,1866.2355610705458
192.0894658712949,10.10.2.6,10169,10.10.1.13,11169,1523.5916649020824
192.10727863359273,10.10.2.6,10107,10.10.1.4,11147,1297415663.543033
192.2688884579353,10.10.2.6,10167,10.10.1.12,11014,9965.793626797313
192.29888236317888,10.10.2.6,10008,10.10.1.2,11194,1720.5946184242432
192.40444237255164,10.10.2.6,10059,10.10.1.10,11002,6836.919388727882
192.45166048810918,10.10.2.6,10079,10.10.1.10,11170,23639.642488848927
192.5305400646339,10.10.2.6,10114,10.10.1.14,11023,2295.4108363896057
192.6105318572541,10.10.2.6,10178,10.10.1.7,11186,1642770359.7685783
192.6454880671475,10.10.2.6,10083,10.10.1.2,11113,3458.386575925023
192.7940847909501,10.10.2.6,10062,10.10.1.8,11143,3252.171802620611
192.81404805075985,10.10.2.6,10154,10.10.1.8,11111,2244.6286291413894
192.8835275863891,10.10.2.6,10066,10.10.1.7,11145,7300.013714248021
192.89666996082173,10.10.2.6,10103,10.10.1.4,11011,7511.769128181665
192.9947140374094,10.10.2.6,10187,10.10.1.3,11168,199188.7505599233
192.99861641137628,10.10.2.6,10133,10.10.1.3,11122,9849.306871277844
193.04269878082857,10.10.2.6,10189,10.10.1.11,11143,19171.551871855456
193.08907250158424,10.10.2.6,10059,10.10.1.16,11002,47213.01624691225
193.35204827173624,10.10.2.6,10162,10.10.1.12,11046,4123452.1250030743
193.5921849843945,10.10.2.6,10086,10.10.1.4,11031,4409661.5663592
193.599560006596,10.10.2.6,10161,10.10.1.16,11000,17998.704253973603
193.71622262848624,10.10.2.6,10157,10.10.1.11,11013,4976.900433113415
194.13442764758597,10.10.2.6,10107,10.10.1.4,11066,4818.597175259648
194.293692151341,10.10.2.6,10095,10.10.1.7,11078,24437.206560017315
194.32564070798813,10.10.2.6,10184,10.10.1.7,11068,9260.115536118981
194.50508909934348,10.10.2.6,10012,10.10.1.14,11176,1744.3008555926876
194.6634828477205,10.10.2.6,10102,10.10.1.16,11073,19284.012507627016
194.69464871747329,10.10.2.6,10189,10.10.1.11,11105,3868.607322658881
194.80561665083934,10.10.2.6,10176,10.10.1.4,11132,9909.848104582816
194.8704029227365,10.10.2.6,10100,10.10.1.5,11142,1460531702.5725696
195.0241333736766,10.10.2.6,10160,10.10.1.8,11180,125581787.05522743
195.1672150876769,10.10.2.6,10029,10.10.1.6,11081,2761.6402952761323
195.28804738817774,10.10.2.6,10168,10.10.1.12,11197,18682.101323386793
195.33182314969574,10.10.2.6,10046,10.10.1.10,11193,4322802.745470857
195.4131585218554,10.10.2.6,10170,10.10.1.14,11118,36573.3463865415
195.41450120005817,10.10.2.6,10091,10.10.1.5,11005,47360.2050358442
195.44531169846204,10.10.2.6,10035,10.10.1.2,11060,17923.657520013858
195.45097358245047,10.10.2.6,10060,10.10.1.14,11051,94687.72369318073
195.5987132355819,10.10.2.6,10152,10.10.1.1,11132,3690.891512308349
195.69769637140257,10.10.2.6,10098,10.10.1.10,11143,37757.955868369
195.7059635755655,10.10.2.6,10189,10.10.1.3,11171,123757.75302352267
195.91618954061417,10.10.2.6,10174,10.10.1.6,11074,16670.031238772895
195.94486747723613,10.10.2.6,10003,10.10.1.5,11006,62863469.21795816
196.17350643132954,10.10.2.6,10078,10.10.1.13,11133,52998.24779651956
196.21416183369362,10.10.2.6,10085,10.10.1.3,11113,31267.037246138854
196.24276188472712,10.10.2.6,10183,10.10.1.9,11161,6529.992207380481
196.3779304828694,10.10.2.6,10003,10.10.1.15,11076,4768.583250854235
196.41040822416394,10.10.2.6,10179,10.10.1.5,11193,6785.997376228573
196.430030198993,10.10.2.6,10013,10.10.1.12,11086,5624437.963752833
196.56930537150686,10.10.2.6,10148,10.10.1.14,11034,110070328.22241697
196.62241169495587,10.10.2.6,10148,10.10.1.5,11084,41804080.232174955
196.82416543165235,10.10.2.6,10193,10.10.1.1,11092,29248.055144659236
196.9938305883922,10.10.2.6,10066,10.10.1.8,11137,2223.1382834064257
197.00280131261349,10.10.2.6,10073,10.10.1.16,11173,3670.6733844289856
197.06911642941512,10.10.2.6,10068,10.10.1.3,11122,6671.141954961066
197.10804521660916,10.10.2.6,10079,10.10.1.11,11185,42353.474546403726
197.11100252391745,10.10.2.6,10159,10.10.1.6,11013,6957.288236083092
197.1454990470854,10.10.2.6,10079,10.10.1.9,11193,7568.589656669983
197.2562901519864,10.10.2.6,10142,10.10.1.15,11190,2163.4362339760105
197.5091269774917,10.10.2.6,10018,10.10.1.7,11033,1593.992148786545
197.63876313697887,10.10.2.6,10141,10.10.1.2,11171,2997.8595300083134
197.87479475570714,10.10.2.6,10045,10.10.1.10,11015,4186.7924165024515
198.03594211485313,10.10.2.6,10019,10.10.1.10,11000,25565.060179226286
198.15014658830572,10.10.2.6,10146,10.10.1.2,11109,2303.197533849262
198.16608253483489,10.10.2.6,10054,10.10.1.7,11120,3369.0020036502656
198.2429810489497,10.10.2.6,10054,10.10.1.3,11013,3556.1874451841854
198.4003753386742,10.10.2.6,10136,10.10.1.2,11062,7492.829780590634
198.53052376789765,10.10.2.6,10009,10.10.1.9,11144,2608.5739205076643
198.53755396560436,10.10.2.6,10149,10.10.1.11,11051,33379.389971265016
198.5956833459075,10.10.2.6,10097,10.10.1.4,11100,35848471.24921962
198.59873818285098,10.10.2.6,10153,10.10.1.6,11191,31225.18001082342
198.63204128805847,10.10.2.6,10012,10.10.1.5,11175,16444.160237144933
198.64335434297053,10.10.2.6,10057,10.10.1.5,11183,2339.66525968944
198.67242865650053,10.10.2.6,10191,10.10.1.6,11025,117083021.42478234
198.84169621681642,10.10.2.6,10106,10.10.1.15,11162,4129901.4539570934
199.04779600673393,10.10.2.6,10077,10.10.1.9,11000,10210.75732874167
199.1011210347015,10.10.2.6,10174,10.10.1.11,11038,74242.02919526676
199.14220294829542,10.10.2.6,10159,10.10.1.6,11165,30512.658660981087
199.2840558296006,10.10.2.6,10144,10.10.1.15,11142,5475.707381531093
199.29673277299736,10.10.2.6,10016,10.10.1.5,11024,4287583.556047221
199.30456164601068,10.10.2.6,10080,10.10.1.4,11167,25013.543699215046
199.31240596484366,10.10.2.6,10065,10.10.1.16,11007,18018.309981522845
199.4162617387988,10.10.2.6,10098,10.10.1.8,11164,34728310.88007535
199.42254790725548,10.10.2.6,10094,10.10.1.8,11196,19184.75652202749
199.4861107664034,10.10.2.6,10146,10.10.1.13,11040,4639369.857810595
199.51940437193,10.10.2.6,10031,10.10.1.12,11197,6362.928967540413
199.52066325759822,10.10.2.6,10124,10.10.1.11,11069,32573.566540895685
199.6003664861243,10.10.2.6,10170,10.10.1.2,11023,2457.9401229351133
199.65188334255816,10.10.2.6,10028,10.10.1.11,11149,2109.9080645942527
199.6761707645211,10.10.2.6,10060,10.10.1.8,11079,48723.290330645075
199.73738246129238,10.10.2.6,10195,10.10.1.5,11026,24152.061500357628
199.75593629632175,10.10.2.6,10025,10.10.1.7,11026,1583.2451662160156
200.01762891291375,10.10.2.6,10195,10.10.1.8,11160,44716.302287225364
200.04055516777646,10.10.2.6,10013,10.10.1.4,11127,27857.259673727385
200.04877384351684,10.10.2.6,10131,10.10.1.3,11160,32311.15698481715
200.16548420008172,10.10.2.6,10100,10.10.1.13,11049,26464.966295489172
200.2328171072313,10.10.2.6,10180,10.10.1.5,11010,69338.46145460392
200.26841916166188,10.10.2.6,10168,10.10.1.7,11138,4419835.665888633
200.28367832444678,10.10.2.6,10191,10.10.1.2,11058,2392.0938263196085
200.4023722698061,10.10.2.6,10141,10.10.1.5,11170,4524.127902682333
200.56639635436196,10.10.2.6,10072,10.10.1.11,11030,3155.606944191075
200.65935016190477,10.10.2.6,10101,10.10.1.11,11042,35638.029069999146
200.697572169369,10.10.2.6,10106,10.10.1.11,11193,7988.657476713871
201.0301702513869,10.10.2.6,10142,10.10.1.4,11027,2230.2381067675633
201.08272107604887,10.10.2.6,10147,10.10.1.10,11153,17471.026303484683
201.09457443070826,10.10.2.6,10144,10.10.1.10,11172,90255199.9338786
201.326763722989,10.10.2.6,10074,10.10.1.4,11150,21367.376647973233
201.44145239967887,10.10.2.6,10005,10.10.1.16,11076,3444.257230270039
201.5248868783633,10.10.2.6,10118,10.10.1.12,11089,215854.5949217975
201.58519274073612,10.10.2.6,10164,10.10.1.15,11008,42444.87521486074
201.75562641010416,10.10.2.6,10120,10.10.1.5,11123,2356.618565228167
201.7684003414974,10.10.2.6,10033,10.10.1.16,11057,6121.019268390756
201.83535458086118,10.10.2.6,10046,10.10.1.9,11054,39215611.875685304
201.83653320530098,10.10.2.6,10045,10.10.1.2,11164,2795.7597355319936
201.9321923383537,10.10.2.6,10063,10.10.1.3,11090,69837.4657733861
201.96808988325236,10.10.2.6,10129,10.10.1.4,11155,51222.46077570455
202.06489884391112,10.10.2.6,10000,10.10.1.4,11133,4712.356036193188
202.10961335990348,10.10.2.6,10142,10.10.1.12,11156,18766.454798322437
202.1623356939326,10.10.2.6,10177,10.10.1.1,11180,6139927.733197057
202.25174664182566,10.10.2.6,10056,10.10.1.11,11196,19114.48361256577
202.26786883086265,10.10.2.6,10077,10.10.1.10,11085,2134.5611997463066
202.37666287693824,10.10.2.6,10081,10.10.1.16,11092,42649.27732230632
202.61728124769115,10.10.2.6,10028,10.10.1.5,11154,27058.72993901532
202.64160450885333,10.10.2.6,10092,10.10.1.7,11164,92584581.3354352
202.68882479638785,10.10.2.6,10128,10.10.1.13,11139,21087.87241430207
202.80643184013354,10.10.2.6,10102,10.10.1.12,11072,96589.55929442424
202.8674652702068,10.10.2.6,10060,10.10.1.5,11049,5001341.615053739
202.86866485010086,10.10.2.6,10145,10.10.1.13,11100,409279.82239017426
203.0448432414983,10.10.2.6,10149,10.10.1.5,11190,1188382185.224526
203.14905690759585,10.10.2.6,10078,10.10.1.4,11008,6553.550524773395
203.17482045534598,10.10.2.6,10125,10.10.1.13,11095,3283.1573975029446
203.18633058749003,10.10.2.6,10054,10.10.1.4,11174,82564.06275791807
203.3779329011989,10.10.2.6,10033,10.10.1.7,11075,4980.202460444597
203.5423275933867,10.10.2.6,10004,10.10.1.4,11110,2914.615681915929
203.5930050060524,10.10.2.6,10181,10.10.1.12,11136,4265893878.9877863
203.74049330306028,10.10.2.6,10003,10.10.1.15,11049,2534.4601743935773
203.78457900947498,10.10.2.6,10055,10.10.1.2,11121,86484.78883559481
203.80429842496585,10.10.2.6,10013,10.10.1.3,11113,2228.9444421635517
203.83060286191414,10.10.2.6,10188,10.10.1.8,11125,5471.2920780689965
203.9570656196603,10.10.2.6,10000,10.10.1.5,11083,19888.03361936349
204.0121801295366,10.10.2.6,10030,10.10.1.8,11183,6242.051653144865
204.06325340521946,10.10.2.6,10022,10.10.1.3,11135,26076.82673561883
204.07193405363188,10.10.2.6,10035,10.10.1.8,11093,2849.905186861084
204.13791706041596,10.10.2.6,10128,10.10.1.1,11017,6061.398490427575
204.25900088021228,10.10.2.6,10033,10.10.1.9,11132,39233.55598984751
204.3305774245924,10.10.2.6,10140,10.10.1.3,11152,23633.92040285158
204.34318915323394,10.10.2.6,10129,10.10.1.16,11032,22024.322550249908
204.42359484006266,10.10.2.6,10139,10.10.1.3,11054,1747.6796382096231
204.58539437430684,10.10.2.6,10177,10.10.1.5,11088,15926.542500469679
204.62063830920832,10.10.2.6,10078,10.10.1.4,11145,498706.2627992662
204.71541389858535,10.10.2.6,10109,10.10.1.13,11022,24355.36461103138
204.8533473319204,10.10.2.6,10118,10.10.1.13,11082,2779.134659497971
204.88141246604263,10.10.2.6,10190,10.10.1.13,11031,1822.0625697708413
205.03078443426517,10.10.2.6,10129,10.10.1.10,11029,10511.482000565044
205.1114138035229,10.10.2.6,10065,10.10.1.5,11185,2347.7597392186112
205.51543291216333,10.10.2.6,10061,10.10.1.12,11138,3652.760586747413
205.54055706426803,10.10.2.6,10037,10.10.1.11,11179,7577.218352790438
205.60905783315346,10.10.2.6,10175,10.10.1.15,11058,47986.806076508365
205.61765251412118,10.10.2.6,10061,10.10.1.1,11097,2360.222790764995
205.74601492038067,10.10.2.6,10021,10.10.1.4,11124,7984.697113713186
205.77375037587944,10.10.2.6,10067,10.10.1.3,11056,8545.748785665604
205.81498201846858,10.10.2.6,10148,10.10.1.14,11134,2197.1555684555074
205.9574850261568,10.10.2.6,10130,10.10.1.16,11067,42096.75104868432
206.17670281477206,10.10.2.6,10042,10.10.1.2,11178,2131.4201390222033
206.27137825307946,10.10.2.6,10103,10.10.1.14,11012,8764.027986928637
206.35362264332426,10.10.2.6,10116,10.10.1.1,11136,30447.87432028714
206.37423434785075,10.10.2.6,10072,10.10.1.2,11058,22683.430159464187
206.39061676968552,10.10.2.6,10165,10.10.1.5,11010,102618.46667026631
206.42140808109082,10.10.2.6,10091,10.10.1.6,11128,30211.457798054435
206.46698519769748,10.10.2.6,10188,10.10.1.9,11121,84345.05977422319
206.82411222398352,10.10.2.6,10106,10.10.1.4,11106,119740.88322585344
206.92344217249877,10.10.2.6,10088,10.10.1.12,11179,18857.606447844093
206.97253936242376,10.10.2.6,10142,10.10.1.14,11104,3768208.843109142
207.11976546732782,10.10.2.6,10112,10.10.1.9,11163,1624.235584226145
207.13769308897693,10.10.2.6,10127,10.10.1.15,11040,606388.9506493391
207.24429193493367,10.10.2.6,10139,10.10.1.11,11163,4891.987171638268
207.29079468110064,10.10.2.6,10134,10.10.1.16,11129,5913.348103248572
207.3840302961768,10.10.2.6,10100,10.10.1.14,11074,5506335.897230025
207.59427484335524,10.10.2.6,10125,10.10.1.4,11072,21699.42926547746
207.64769576607694,10.10.2.6,10090,10.10.1.1,11058,390104.9118043625
207.7099845154748,10.10.2.6,10140,10.10.1.3,11061,5120033.783443856
208.13492152333157,10.10.2.6,10035,10.10.1.12,11153,2612.261708121607
208.36803779228583,10.10.2.6,10002,10.10.1.13,11179,45318.25822906769
208.43952101341918,10.10.2.6,10004,10.10.1.5,11160,6057.641854492753
208.44549834013065,10.10.2.6,10196,10.10.1.13,11192,7755.217716724922
208.57182164684409,10.10.2.6,10057,10.10.1.8,11036,7431.659624020708
208.6170671627153,10.10.2.6,10025,10.10.1.14,11023,28439.847544274933
208.765952169381,10.10.2.6,10027,10.10.1.10,11019,47239433.073783085
208.7992952380382,10.10.2.6,10121,10.10.1.16,11184,7013.17325837877
208.82092789917175,10.10.2.6,10117,10.10.1.11,11057,6004790.936670043
208.8211012443556,10.10.2.6,10137,10.10.1.15,11098,20821.14890378194
208.897392735207,10.10.2.6,10009,10.10.1.9,11176,3781080.2021931657
208.97614539554183,10.10.2.6,10068,10.10.1.12,11153,2029.2025889185184
209.08237727384687,10.10.2.6,10082,10.10.1.7,11066,2018.1127754394633
209.16229677402592,10.10.2.6,10097,10.10.1.3,11033,7573.192320732213
209.16348934720247,10.10.2.6,10119,10.10.1.8,11165,2872.956306214383
209.1876790367871,10.10.2.6,10120,10.10.1.7,11014,213655.06210482633
209.3509274259016,10.10.2.6,10157,10.10.1.16,11022,2274.228120105858
209.44588531196956,10.10.2.6,10096,10.10.1.11,11000,99868532.72250189
209.47410682778016,10.10.2.6,10121,10.10.1.3,11083,7787.919494829774
209.53283665576498,10.10.2.6,10076,10.10.1.9,11006,2197.2536936736255
209.6198650942644,10.10.2.6,10162,10.10.1.3,11059,4020647.8338786704
209.87810443079456,10.10.2.6,10000,10.10.1.16,11047,4978.32080036161
209.88416383037338,10.10.2.6,10034,10.10.1.8,11114,7278.039404378384
210.07821855052597,10.10.2.6,10044,10.10.1.7,11170,4098321.1925036577
210.19418300094395,10.10.2.6,10147,10.10.1.7,11171,7103.170724807632
210.32387331820036,10.10.2.6,10047,10.10.1.2,11127,9093.816997473095
210.34091115457926,10.10.2.6,10167,10.10.1.11,11119,38355868.1366214
210.3551744943826,10.10.2.6,10148,10.10.1.4,11185,7847.44362163194
210.3706490434711,10.10.2.6,10005,10.10.1.5,11028,16099.822825470883
210.4045987659927,10.10.2.6,10179,10.10.1.3,11089,32816.55407499526
210.40907353755898,10.10.2.6,10195,10.10.1.8,11180,12275.68381660501
210.48035613340747,10.10.2.6,10103,10.10.1.8,11006,44140.751587207844
210.55119588407172,10.10.2.6,10171,10.10.1.1,11180,2472.089489116811
210.77072194919285,10.10.2.6,10002,10.10.1.13,11198,27302.65039319883
210.77348534898562,10.10.2.6,10155,10.10.1.2,11014,98535.22803816524
210.9354301057722,10.10.2.6,10190,10.10.1.8,11015,17343.783235206316
210.99214431563234,10.10.2.6,10076,10.10.1.3,11095,8630.785038840117
211.00188209248515,10.10.2.6,10079,10.10.1.14,11188,1051566877.3259039
211.10018497630503,10.10.2.6,10080,10.10.1.8,11046,2322.8943744186276
211.18026020884656,10.10.2.6,10168,10.10.1.15,11005,32218.551276698447
211.19923808728277,10.10.2.6,10071,10.10.1.4,11114,7950.43508892998
211.24255541332187,10.10.2.6,10156,10.10.1.5,11077,17924.549479590703
211.28279211971693,10.10.2.6,10047,10.10.1.1,11054,19709.818782972456
211.28779647637262,10.10.2.6,10105,10.10.1.2,11031,63933.71522577113
211.40680051156355,10.10.2.6,10174,10.10.1.16,11062,19599.144426844974
211.4162666538504,10.10.2.6,10123,10.10.1.1,11127,5723509.544097728
211.45038163846954,10.10.2.6,10176,10.10.1.6,11149,7084.5187230145475
211.6514164515213,10.10.2.6,10012,10.10.1.5,11092,8053.585215003278
211.67170067243347,10.10.2.6,10163,10.10.1.16,11131,544793.2009272452
211.69322221776596,10.10.2.6,10192,10.10.1.15,11189,3844997.283420902
211.77242258397806,10.10.2.6,10029,10.10.1.13,11059,1953.7745073767383
211.7731550341476,10.10.2.6,10028,10.10.1.4,11071,5303.908409134821
211.8442483938589,10.10.2.6,10074,10.10.1.10,11133,4591.882622298576
211.99828740964665,10.10.2.6,10175,10.10.1.16,11080,9406.704868852828
212.03702896897144,10.10.2.6,10158,10.10.1.11,11061,32673.506145832103
212.04511277246914,10.10.2.6,10075,10.10.1.14,11178,8592.621348613897
212.12742863139786,10.10.2.6,10087,10.10.1.16,11094,36586.0770329627
212.1443478426719,10.10.2.6,10103,10.10.1.10,11027,69566.97527152648
212.23709639756618,10.10.2.6,10126,10.10.1.16,11134,192154.1978365877
212.25597629870353,10.10.2.6,10166,10.10.1.2,11176,6604.82708270825
212.40864746610873,10.10.2.6,10092,10.10.1.16,11088,16115.180940190943
212.49745188855243,10.10.2.6,10065,10.10.1.5,11090,2695.9701347354567
212.7610281236354,10.10.2.6,10062,10.10.1.9,11097,19127.187842656793
212.77424708943929,10.10.2.6,10180,10.10.1.16,11074,5138.297307026419
212.81056302649205,10.10.2.6,10188,10.10.1.15,11156,9649.731928815458
212.81873350702296,10.10.2.6,10163,10.10.1.5,11168,60986319.965032525
212.94934655416125,10.10.2.6,10060,10.10.1.5,11033,398446.7251654892
213.01030831571688,10.10.2.6,10035,10.10.1.1,11064,34944.22116867751
213.0556622962255,10.10.2.6,10071,10.10.1.15,11110,4230636.139220487
213.34044060463654,10.10.2.6,10118,10.10.1.5,11114,48878.656937439555
213.37712244604347,10.10.2.6,10180,10.10.1.14,11049,4753.695939193337
213.52568944514596,10.10.2.6,10037,10.10.1.4,11020,3563.964464525787
213.62897208441603,10.10.2.6,10108,10.10.1.2,11134,37888.502257862514
213.8915436888269,10.10.2.6,10171,10.10.1.9,11164,3101.5993187862637
214.03096075305882,10.10.2.6,10147,10.10.1.6,11191,97808.54496457808
214.07276641333996,10.10.2.6,10169,10.10.1.12,11105,42728.4817060283
214.23699186359448,10.10.2.6,10156,10.10.1.8,11155,45311729.47374222
214.4661435565797,10.10.2.6,10003,10.10.1.3,11063,1622.5412976989646
214.63934343170618,10.10.2.6,10063,10.10.1.10,11151,3990.1987986761415
214.7324664986203,10.10.2.6,10129,10.10.1.15,11074,7963.7344638146
214.8005799333475,10.10.2.6,10143,10.10.1.6,11045,2859.0524839752984
214.82413620561493,10.10.2.6,10126,10.10.1.4,11133,5890052.3420561645
214.84181098182128,10.10.2.6,10145,10.10.1.3,11085,8852.825816826316
214.8731651990813,10.10.2.6,10070,10.10.1.16,11016,6658.565699555152
214.88706846451274,10.10.2.6,10032,10.10.1.13,11011,2134.3224426966726
214.91522047356415,10.10.2.6,10072,10.10.1.6,11077,57264.492610941285
214.97978684794265,10.10.2.6,10140,10.10.1.12,11197,58205.7764766063
214.98500259166275,10.10.2.6,10060,10.10.1.14,11135,109964.32493409584
215.00254774863305,10.10.2.6,10182,10.10.1.14,11049,23537.98483065749
215.07695807712454,10.10.2.6,10191,10.10.1.11,11184,6224.986134450341
215.262105011032,10.10.2.6,10087,10.10.1.13,11037,90448.54994418351
215.39478286478848,10.10.2.6,10192,10.10.1.8,11130,22714.21978736016
215.60180655030916,10.10.2.6,10061,10.10.1.13,11057,61363.57887724722
215.64562071103848,10.10.2.6,10024,10.10.1.16,11172,5031.827844507684
215.70706514949924,10.10.2.6,10167,10.10.1.2,11053,9477.65030006058
215.73938795863063,10.10.2.6,10148,10.10.1.1,11192,3632.457178364369
215.84253994413513,10.10.2.6,10166,10.10.1.11,11046,10804.020182575012
215.9032170310794,10.10.2.6,10134,10.10.1.2,11072,6995.6145126281235
215.9480687695826,10.10.2.6,10050,10.10.1.10,11197,12472888285.66479
216.15861208953854,10.10.2.6,10024,10.10.1.8,11071,3811.843151036927
216.26296537057993,10.10.2.6,10024,10.10.1.4,11184,2347.6587702844145
216.27455006570008,10.10.2.6,10097,10.10.1.7,11141,21520.12274721472
216.330516379728,10.10.2.6,10071,10.10.1.4,11154,37920.91085505584
216.35200171946008,10.10.2.6,10171,10.10.1.16,11178,96809.9431353923
216.35647331428703,10.10.2.6,10089,10.10.1.7,11052,30324016.2100151
216.49400091918525,10.10.2.6,10126,10.10.1.12,11122,2226.6717457117597
216.5222003707144,10.10.2.6,10119,10.10.1.4,11090,2111.4782926370067
216.5526251351221,10.10.2.6,10168,10.10.1.8,11043,6793.897366192642
216.72254832633803,10.10.2.6,10094,10.10.1.12,11141,112455.60824284184
216.73536327018695,10.10.2.6,10003,10.10.1.15,11192,103655.7488516798
216.8685613705915,10.10.2.6,10090,10.10.1.10,11108,19973.648558497905
216.91455042356372,10.10.2.6,10174,10.10.1.3,11021,2477.7475613135834
216.92831845493254,10.10.2.6,10078,10.10.1.8,11036,9013.594496694475
216.9754796579355,10.10.2.6,10131,10.10.1.15,11020,4454.48210914459
217.04672157531942,10.10.2.6,10055,10.10.1.15,11107,1532.0075978139043
217.23324448226492,10.10.2.6,10146,10.10.1.12,11187,23627.913277567604
217.29659520388225,10.10.2.6,10144,10.10.1.5,11036,6940.589161869705
217.29773294077492,10.10.2.6,10039,10.10.1.3,11005,2490.7611475033686
217.30589557838923,10.10.2.6,10168,10.10.1.16,11035,54411.0471625977
217.31330125654915,10.10.2.6,10130,10.10.1.9,11068,2067.0289839340994
217.46274735947412,10.10.2.6,10026,10.10.1.6,11192,11068.54280412456
217.47201656143244,10.10.2.6,10045,10.10.1.11,11034,15521.791958193997
217.47389524085136,10.10.2.6,10142,10.10.1.15,11192,113604.49621931252
217.54234108872708,10.10.2.6,10133,10.10.1.2,11060,73260875.86484936
217.57011400682188,10.10.2.6,10144,10.10.1.4,11054,3591.0382061497767
217.7082445862016,10.10.2.6,10073,10.10.1.10,11047,4011560.9940720764
217.7664218250368,10.10.2.6,10194,10.10.1.14,11088,81084.80405029371
217.7940788020743,10.10.2.6,10081,10.10.1.13,11015,7449.8011150650655
217.85370898156208,10.10.2.6,10084,10.10.1.16,11143,6083455.418457107
217.8799783607452,10.10.2.6,10182,10.10.1.3,11139,1997.3601341813176
217.94632047435564,10.10.2.6,10061,10.10.1.4,11009,15148.22907905111
218.0256439877304,10.10.2.6,10082,10.10.1.3,11054,5201.868903533487
218.04090786795604,10.10.2.6,10125,10.10.1.8,11191,3663.1341463899325
218.07127418923486,10.10.2.6,10148,10.10.1.1,11194,5509.728677272145
218.0997026414774,10.10.2.6,10181,10.10.1.11,11003,15451.762531488524
218.16208444636885,10.10.2.6,10072,10.10.1.2,11044,3440.027769399733
218.5240810568883,10.10.2.6,10014,10.10.1.7,11001,1517.9806066808046
218.7361562270955,10.10.2.6,10136,10.10.1.10,11158,48547973.34154679
218.7965862135006,10.10.2.6,10125,10.10.1.15,11182,124110.41294843021
218.92389580594386,10.10.2.6,10114,10.10.1.12,11191,15593.3451913235
219.0037016655051,10.10.2.6,10101,10.10.1.11,11074,8790.755335405347
219.0168749447734,10.10.2.6,10185,10.10.1.3,11048,5598171.424355397
219.04142566264196,10.10.2.6,10055,10.10.1.8,11065,6208443.397954953
219.04178102761347,10.10.2.6,10005,10.10.1.13,11105,5648.177537894615
219.09230909071056,10.10.2.6,10084,10.10.1.7,11031,2297.1252541659364
219.2076835381608,10.10.2.6,10070,10.10.1.14,11000,1886.678576456956
219.49634167255098,10.10.2.6,10082,10.10.1.14,11078,5968.431146769817
219.49808660340344,10.10.2.6,10179,10.10.1.7,11054,41147959.851708196
219.5024047113501,10.10.2.6,10124,10.10.1.15,11006,9263.513244695845
219.52524716013227,10.10.2.6,10114,10.10.1.3,11111,41553588.4661294
219.96270206448327,10.10.2.6,10043,10.10.1.11,11192,5630.371564072533
219.98955688032657,10.10.2.6,10191,10.10.1.5,11162,28866.226073393937
220.10378963015492,10.10.2.6,10048,10.10.1.2,11035,46975.09487530775
220.303458843289,10.10.2.6,10093,10.10.1.1,11148,2354.711518750104
220.32223956556882,10.10.2.6,10113,10.10.1.8,11006,39841.13376958753
220.41531353617907,10.10.2.6,10154,10.10.1.1,11009,1989.3354991764832
220.5543697402407,10.10.2.6,10180,10.10.1.2,11126,22118.115682097996
220.61891268098444,10.10.2.6,10168,10.10.1.1,11119,1888.9640230620864
220.63578947759518,10.10.2.6,10173,10.10.1.2,11172,18253.397019063515
220.71934778502245,10.10.2.6,10043,10.10.1.7,11056,2366.3357798860793
220.81563575306592,10.10.2.6,10051,10.10.1.2,11167,3000.652101070884
220.8742344328511,10.10.2.6,10127,10.10.1.6,11198,1578.0510193395633
221.00686804409892,10.10.2.6,10018,10.10.1.11,11172,3919.819634162003
221.1915653916481,10.10.2.6,10137,10.10.1.14,11066,5239385.422554577
221.29191557915635,10.10.2.6,10078,10.10.1.16,11103,3075.383287613816
221.3364050557182,10.10.2.6,10002,10.10.1.16,11000,33771834.73465167
221.4145621418009,10.10.2.6,10063,10.10.1.4,11173,2043.0023940091078
221.5506058772745,10.10.2.6,10158,10.10.1.12,11021,48383.92818263925
221.6819709003626,10.10.2.6,10159,10.10.1.3,11177,1656.9175773587904
221.73047079343894,10.10.2.6,10163,10.10.1.8,11125,47867152.60842891
221.76651961198354,10.10.2.6,10025,10.10.1.6,11006,51973.5596251564
221.85838634769223,10.10.2.6,10081,10.10.1.8,11005,1416588623.331206
221.87248972072268,10.10.2.6,10015,10.10.1.16,11083,8616.336137895361
222.0910665339962,10.10.2.6,10146,10.10.1.7,11007,423046.8391901148
222.1143093099303,10.10.2.6,10141,10.10.1.14,11007,18668.148597447198
222.20113764125816,10.10.2.6,10158,10.10.1.12,11157,9715.170998863292
222.4021203940204,10.10.2.6,10104,10.10.1.10,11197,9909.289667882296
222.48465575813464,10.10.2.6,10139,10.10.1.10,11111,119590.55973335322
222.59339344333125,10.10.2.6,10129,10.10.1.5,11052,23640.5719365429
222.60089724867316,10.10.2.6,10013,10.10.1.11,11178,32405516.365012098
222.60284621669078,10.10.2.6,10037,10.10.1.6,11196,2480.369330299447
222.62430005371698,10.10.2.6,10123,10.10.1.10,11026,2527.054523203645
222.65155370319627,10.10.2.6,10148,10.10.1.12,11040,5490898.811145471
222.94092765143677,10.10.2.6,10136,10.10.1.1,11102,5047.481157860649
223.12972521097606,10.10.2.6,10193,10.10.1.12,11069,2398.6110784995094
223.14603726948604,10.10.2.6,10159,10.10.1.12,11011,2425.641301122042
223.2739003376664,10.10.2.6,10168,10.10.1.7,11136,5380.189998031539
223.4747254035646,10.10.2.6,10123,10.10.1.10,11040,4986142.659720272
223.50109451030292,10.10.2.6,10171,10.10.1.1,11096,1758.2396515548091
223.65332039629988,10.10.2.6,10190,10.10.1.12,11132,4866671.7817536285
223.85727311152328,10.10.2.6,10056,10.10.1.8,11054,7158.496855028481
223.95425270753012,10.10.2.6,10076,10.10.1.8,11020,33813807.19469597
223.98978343485405,10.10.2.6,10031,10.10.1.16,11165,23750.241544232136
224.17945998567757,10.10.2.6,10002,10.10.1.8,11043,43790.75673331894
224.3374402641516,10.10.2.6,10011,10.10.1.1,11127,23455.26663499314
224.4029153776858,10.10.2.6,10169,10.10.1.2,11117,4111105.7677223766
224.58035290409182,10.10.2.6,10079,10.10.1.1,11022,2633.6212672439974
224.59788601397452,10.10.2.6,10185,10.10.1.7,11175,11833.881777848977
224.59843555976025,10.10.2.6,10110,10.10.1.7,11126,78140.73629881952
224.79353809707143,10.10.2.6,10139,10.10.1.1,11055,4885.874600158055
224.83359523004523,10.10.2.6,10077,10.10.1.16,11060,1679.4015246648455
224.85521230778903,10.10.2.6,10113,10.10.1.6,11048,4327827.262428587
224.90520454231734,10.10.2.6,10076,10.10.1.15,11084,1180342083.6199002
224.91830551457045,10.10.2.6,10133,10.10.1.5,11198,767016668.5239424
224.95357571316555,10.10.2.6,10008,10.10.1.2,11031,30896.466903298806
225.02056155395957,10.10.2.6,10089,10.10.1.13,11185,16184.028558716553
225.11888952936235,10.10.2.6,10008,10.10.1.6,11040,26352.845874957675
225.1561071687597,10.10.2.6,10029,10.10.1.4,11138,9119.32685094426
225.2010137043805,10.10.2.6,10175,10.10.1.14,11168,3541.8488579798773
225.2981099330025,10.10.2.6,10024,10.10.1.4,11158,5442.686841499703
225.37435069223235,10.10.2.6,10093,10.10.1.8,11056,31185.799345794414
225.56476432089562,10.10.2.6,10110,10.10.1.2,11116,25240.204287929097
225.62431256412765,10.10.2.6,10022,10.10.1.2,11109,11741.573710840852
225.82102187965407,10.10.2.6,10152,10.10.1.3,11072,2564.0640662873125
225.85282086863427,10.10.2.6,10152,10.10.1.14,11094,2158.9172097027167
226.1918840757081,10.10.2.6,10038,10.10.1.12,11092,5492023.114083931
226.25682559422324,10.10.2.6,10071,10.10.1.1,11104,5891151.789092364
226.26454151190757,10.10.2.6,10019,10.10.1.15,11151,30104.632395185614
226.38706316956282,10.10.2.6,10077,10.10.1.12,11145,84669.97714716736
226.4101431572285,10.10.2.6,10068,10.10.1.7,11024,8967.157767350756
226.47690683756994,10.10.2.6,10190,10.10.1.3,11018,47330522.575564
226.49203029104862,10.10.2.6,10006,10.10.1.15,11098,18672.954184138776
226.54035997526856,10.10.2.6,10163,10.10.1.15,11154,5341474.043745537
226.55581230241182,10.10.2.6,10047,10.10.1.8,11018,35987328.0367668
226.56910426422272,10.10.2.6,10022,10.10.1.2,11088,44862.0122476074
226.57303246776942,10.10.2.6,10147,10.10.1.1,11173,7769.400357738979
226.67349723734034,10.10.2.6,10109,10.10.1.10,11103,2434.7416335366356
226.68935303523756,10.10.2.6,10004,10.10.1.12,11180,2538.1564104978297
226.75430401602716,10.10.2.6,10145,10.10.1.15,11066,65510076.09391332
226.7790278020166,10.10.2.6,10027,10.10.1.2,11164,88868.19964205306
226.90545262162868,10.10.2.6,10108,10.10.1.1,11047,34909.271236659355
226.92383291257843,10.10.2.6,10162,10.10.1.3,11058,22054.084078510456
227.02296097015665,10.10.2.6,10025,10.10.1.15,11124,2105.530859211735
227.07942381008996,10.10.2.6,10087,10.10.1.3,11100,40227.65049662137
227.15904841888337,10.10.2.6,10058,10.10.1.8,11092,17162.363364956
227.21183844831467,10.10.2.6,10000,10.10.1.11,11076,72129.74168577908
227.26869292925994,10.10.2.6,10031,10.10.1.14,11011,33021.76634519757
227.28828490259127,10.10.2.6,10173,10.10.1.9,11092,5498691322.314744
227.29731165715788,10.10.2.6,10052,10.10.1.8,11041,120384.6117078923
227.3745347094251,10.10.2.6,10040,10.10.1.11,11067,4643112.490199247
227.51808402079834,10.10.2.6,10098,10.10.1.12,11100,40216981.50428914
227.52432116329246,10.10.2.6,10118,10.10.1.11,11016,43387.230836727394
227.54056649511185,10.10.2.6,10188,10.10.1.10,11134,31727.99153405354
227.72140782627076,10.10.2.6,10026,10.10.1.6,11156,6211863.4413808435
227.7704480330665,10.10.2.6,10051,10.10.1.11,11040,49236474.527172
227.95348262013164,10.10.2.6,10034,10.10.1.9,11185,24883.42989250856
227.9950137212108,10.10.2.6,10121,10.10.1.9,11056,3389.0282047805267
228.0058389534207,10.10.2.6,10119,10.10.1.12,11136,64762.94419437761
228.04959929930146,10.10.2.6,10077,10.10.1.5,11011,16265.777664017083
228.12840159076387,10.10.2.6,10143,10.10.1.16,11070,7534.930738376685
228.19567992446832,10.10.2.6,10118,10.10.1.6,11026,30554395.23923467
228.29956338945632,10.10.2.6,10033,10.10.1.3,11192,23168.949976549484
228.3925693429456,10.10.2.6,10069,10.10.1.14,11083,24572.13007995927
228.44717404581937,10.10.2.6,10049,10.10.1.1,11109,4292.625600586991
228.4503100265491,10.10.2.6,10159,10.10.1.15,11006,1549.2741733022797
228.60161233073356,10.10.2.6,10181,10.10.1.12,11045,70196.66546682903
228.62034702501404,10.10.2.6,10001,10.10.1.16,11089,1174845085.1139169
228.6852833876011,10.10.2.6,10133,10.10.1.13,11177,7597.695811133858
228.78972109844233,10.10.2.6,10177,10.10.1.3,11153,57536.92079810442
228.79194319752474,10.10.2.6,10151,10.10.1.2,11117,23015.538595245278
228.96895025880218,10.10.2.6,10110,10.10.1.5,11031,22893.244822568013
229.33114010996326,10.10.2.6,10186,10.10.1.10,11059,2413.839071349073
229.5517207490235,10.10.2.6,10149,10.10.1.15,11046,1821.1594342341834
229.83210872232715,10.10.2.6,10069,10.10.1.15,11196,23444.478686321112
229.83486009608484,10.10.2.6,10012,10.10.1.4,11147,84567.75628758167
230.04851883895955,10.10.2.6,10023,10.10.1.9,11018,11710427747.886654
230.37468871066935,10.10.2.6,10193,10.10.1.3,11094,4859172.854304121
230.38079324350713,10.10.2.6,10144,10.10.1.16,11142,5172.342638246513
230.49242882291756,10.10.2.6,10039,10.10.1.8,11089,5162.813701057856
230.60857160728793,10.10.2.6,10103,10.10.1.13,11040,20822.692509369495
230.69392721558413,10.10.2.6,10091,10.10.1.6,11175,2665.689221114222
230.71558767221788,10.10.2.6,10189,10.10.1.10,11114,3101.6939007233705
230.80013589993453,10.10.2.6,10180,10.10.1.1,11061,48392.68335821842
230.82879015112073,10.10.2.6,10141,10.10.1.1,11004,55702.820268254436
231.02106594444953,10.10.2.6,10175,10.10.1.5,11107,4221.220712131239
231.13424678142908,10.10.2.6,10038,10.10.1.5,11029,110811.66065091919
231.16726432626393,10.10.2.6,10112,10.10.1.5,11075,3182.6522094335774
231.32845037919654,10.10.2.6,10195,10.10.1.6,11187,58760.41840347111
231.35465739550366,10.10.2.6,10054,10.10.1.5,11099,41294.31415286711
231.48913561344247,10.10.2.6,10133,10.10.1.9,11022,6618.391528547897
231.54304955764587,10.10.2.6,10148,10.10.1.4,11180,6004.397893759109
231.6808198657954,10.10.2.6,10068,10.10.1.12,11197,1757.5572081964467
231.93635576049522,10.10.2.6,10041,10.10.1.5,11092,568401.3249002886
231.9583611056045,10.10.2.6,10097,10.10.1.5,11141,25039.9305772373
231.9636632927242,10.10.2.6,10183,10.10.1.16,11071,5914846.389227399
231.99511309515762,10.10.2.6,10057,10.10.1.6,11019,105771.76154771977
232.10364060860113,10.10.2.6,10116,10.10.1.9,11134,9681.54099676812
232.1808157917518,10.10.2.6,10036,10.10.1.6,11173,32645.42635283587
232.39334484584367,10.10.2.6,10135,10.10.1.14,11085,5990.3911632167765
232.52352704020402,10.10.2.6,10118,10.10.1.14,11084,909764.0570958818
232.6310447219421,10.10.2.6,10015,10.10.1.10,11074,1576.91799595366
232.70023829340823,10.10.2.6,10075,10.10.1.10,11141,4814668.74815971
232.73820887067086,10.10.2.6,10110,10.10.1.4,11069,2504.822666203947
232.78192240019877,10.10.2.6,10145,10.10.1.1,11129,2240.097756263156
232.9406574000662,10.10.2.6,10155,10.10.1.16,11191,12444.08697815057
233.20849692413773,10.10.2.6,10162,10.10.1.11,11185,110553.95761827569
233.23667631959157,10.10.2.6,10083,10.10.1.11,11183,73247.2278470691
233.27262781715584,10.10.2.6,10142,10.10.1.6,11028,1555785918.1641862
233.51793644829726,10.10.2.6,10144,10.10.1.10,11111,25840.418626247727
233.88674606238644,10.10.2.6,10146,10.10.1.2,11049,8301.031413157949
233.9089465179318,10.10.2.6,10103,10.10.1.7,11146,3663.8221347066155
233.97397612659145,10.10.2.6,10078,10.10.1.14,11108,24664.03980645218
234.0492946284491,10.10.2.6,10163,10.10.1.6,11145,4027.4954783320563
234.09478957098344,10.10.2.6,10128,10.10.1.13,11146,46301495.40401793
234.23388896917587,10.10.2.6,10069,10.10.1.9,11038,7255.712988303807
234.5249466625197,10.10.2.6,10143,10.10.1.4,11060,2164.0634160283025
234.55606332668117,10.10.2.6,10140,10.10.1.15,11015,918036065.8398345
234.5891005739691,10.10.2.6,10002,10.10.1.4,11159,6248.114547144044
234.61067570619895,10.10.2.6,10196,10.10.1.5,11076,9620.202008800674
234.74863883366666,10.10.2.6,10100,10.10.1.8,11095,1216631023.9034152
234.92345107703466,10.10.2.6,10094,10.10.1.12,11075,46949.50183324479
235.02086817488382,10.10.2.6,10106,10.10.1.15,11125,36629.47792202077
235.1582548755986,10.10.2.6,10193,10.10.1.2,11077,18593.975113820543
235.20416065396083,10.10.2.6,10176,10.10.1.11,11023,3436.8901870450177
235.310030033168,10.10.2.6,10003,10.10.1.2,11185,1578.911611209065
235.3352307180927,10.10.2.6,10143,10.10.1.1,11137,55690.42771103244
235.64579399851382,10.10.2.6,10026,10.10.1.16,11096,9004.695516883141
235.7610714143181,10.10.2.6,10056,10.10.1.14,11192,18754.56804826759
235.81464158440596,10.10.2.6,10117,10.10.1.16,11193,41898917.19780842
235.847492934819,10.10.2.6,10116,10.10.1.8,11009,66767.67705063168
236.14210459657366,10.10.2.6,10178,10.10.1.1,11193,12083.102267364447
236.17772087896225,10.10.2.6,10187,10.10.1.10,11101,6349.266478473681
236.27486367641492,10.10.2.6,10126,10.10.1.13,11121,214393.01794839313
236.39445158491367,10.10.2.6,10123,10.10.1.10,11151,4679.371405807859
236.44039952161907,10.10.2.6,10154,10.10.1.13,11071,122734.95867708151
236.4468054487781,10.10.2.6,10068,10.10.1.6,11112,2243.560423365836
236.72761595583586,10.10.2.6,10197,10.10.1.7,11010,105578012.62613113
236.91570866055997,10.10.2.6,10086,10.10.1.9,11077,2479.136602130168
237.03980051613667,10.10.2.6,10052,10.10.1.5,11066,5933453.2407048
237.06219023400593,10.10.2.6,10080,10.10.1.3,11014,19687.66898175724
237.089053801246,10.10.2.6,10038,10.10.1.7,11050,28895.68865886855
237.16308097879374,10.10.2.6,10001,10.10.1.7,11068,8510.802675269348
237.29769252981154,10.10.2.6,10120,10.10.1.15,11099,6110368.67585857
237.36587688161006,10.10.2.6,10074,10.10.1.9,11073,17300.75885813568
237.48454084862945,10.10.2.6,10150,10.10.1.10,11071,2068.0344616353213
237.50918611313963,10.10.2.6,10102,10.10.1.5,11031,21507.594561368707
237.57028811526092,10.10.2.6,10073,10.10.1.14,11170,1674.958242053375
237.59007258791124,10.10.2.6,10157,10.10.1.12,11171,3521.382338285086
237.70249925810668,10.10.2.6,10026,10.10.1.7,11038,17088.638398002822
237.7388731664558,10.10.2.6,10097,10.10.1.12,11100,24730.661286527964
237.97451887654125,10.10.2.6,10177,10.10.1.16,11183,4007230.2478126544
238.02688941030908,10.10.2.6,10162,10.10.1.13,11136,4977286553.1856
238.0508344868466,10.10.2.6,10139,10.10.1.14,11003,62482.95477887008
238.06024688593635,10.10.2.6,10139,10.10.1.13,11183,1617.4272558612956
238.0606310242886,10.10.2.6,10183,10.10.1.14,11187,5262419.1596610965
238.44664474153143,10.10.2.6,10022,10.10.1.16,11156,36882.631107035835
238.6170843736383,10.10.2.6,10086,10.10.1.3,11189,4804599.713596613
238.65940440318852,10.10.2.6,10098,10.10.1.3,11096,2361.5487714274727
238.77719358580345,10.10.2.6,10011,10.10.1.10,11007,8950.736477082664
238.92193825120512,10.10.2.6,10163,10.10.1.10,11057,5426376.162455824
239.09467886532207,10.10.2.6,10079,10.10.1.5,11078,1523.8613251428235
239.16330183805405,10.10.2.6,10153,10.10.1.11,11052,20127.07969378444
239.16716486197342,10.10.2.6,10060,10.10.1.8,11173,38157.992356092014
239.18626794177348,10.10.2.6,10166,10.10.1.5,11031,3688.338713164763
239.27915600232032,10.10.2.6,10003,10.10.1.10,11094,3511.212679503566
239.67376312508858,10.10.2.6,10104,10.10.1.15,11142,4397169.19706159
239.71281274646591,10.10.2.6,10191,10.10.1.3,11074,10445.705207223342
239.7717857908838,10.10.2.6,10015,10.10.1.1,11112,5555197.509489919
239.77592799381637,10.10.2.6,10013,10.10.1.12,11011,1553.6785948960705
239.85709228519354,10.10.2.6,10185,10.10.1.3,11169,4273.093388032949
239.89514276723872,10.10.2.6,10064,10.10.1.6,11058,28452.237643288492
239.9009304105273,10.10.2.6,10063,10.10.1.14,11186,36980971.97777581
240.06070749521515,10.10.2.6,10087,10.10.1.6,11078,48415.6669350712
240.070165659327,10.10.2.6,10125,10.10.1.10,11015,51757.23523849895
240.20082141167535,10.10.2.6,10172,10.10.1.5,11116,24528.46024655158
240.20460432417323,10.10.2.6,10140,10.10.1.10,11026,2430.9593075677744
240.37053661405548,10.10.2.6,10141,10.10.1.5,11119,4544.977968769159
240.93655874001118,10.10.2.6,10088,10.10.1.2,11008,578585.6340533608
241.0054938388458,10.10.2.6,10080,10.10.1.9,11142,2431.329889097718
241.03728902220618,10.10.2.6,10111,10.10.1.5,11006,6633.882256060479
241.19539102072383,10.10.2.6,10147,10.10.1.9,11130,2165.0518986707248
241.26882587840657,10.10.2.6,10033,10.10.1.2,11023,500136.9349208531
241.29034333826115,10.10.2.6,10186,10.10.1.4,11142,1752.1406503818514
241.38298640142864,10.10.2.6,10175,10.10.1.16,11129,18944.21002886783
241.39404354805347,10.10.2.6,10047,10.10.1.12,11154,28376.5231292097
241.45960739289922,10.10.2.6,10032,10.10.1.9,11192,46475664.91573868
241.47525651463604,10.10.2.6,10150,10.10.1.13,11186,63682.81359094135
241.4767849415336,10.10.2.6,10026,10.10.1.5,11146,6748.987538503796
241.93122551214125,10.10.2.6,10195,10.10.1.14,11120,3001.715905302155
241.99244780135388,10.10.2.6,10094,10.10.1.3,11051,3404.3718911515643
242.0373093300883,10.10.2.6,10017,10.10.1.4,11028,31913867.989175834
242.05225553399237,10.10.2.6,10020,10.10.1.15,11101,1794.7487750548003
242.13222136899347,10.10.2.6,10147,10.10.1.5,11101,2354.204448408139
242.15511532182882,10.10.2.6,10048,10.10.1.8,11058,16209.708789343347
242.18131533798694,10.10.2.6,10175,10.10.1.11,11110,26558.74025315727
242.21283665871013,10.10.2.6,10078,10.10.1.2,11005,16154.087629627957
242.23094929455522,10.10.2.6,10076,10.10.1.8,11198,22446.323566076517
242.26343612557818,10.10.2.6,10031,10.10.1.9,11131,63595.93165436152
242.34847598285904,10.10.2.6,10055,10.10.1.11,11100,5156.544727865589
242.383557397697,10.10.2.6,10040,10.10.1.1,11095,18413.178861249333
242.4775565999815,10.10.2.6,10052,10.10.1.11,11005,5719513.205449373
242.51960139277054,10.10.2.6,10165,10.10.1.4,11196,5577818.875578336
242.5730945222859,10.10.2.6,10105,10.10.1.8,11087,120912.11568685183
242.88303284330468,10.10.2.6,10149,10.10.1.13,11167,34639.72803219884
243.19100382122994,10.10.2.6,10087,10.10.1.6,11149,4213259.942960153
243.2141725767731,10.10.2.6,10117,10.10.1.12,11085,1508.0366990958835
243.21760005287175,10.10.2.6,10088,10.10.1.3,11076,122209.18117271857
243.26232225125582,10.10.2.6,10160,10.10.1.15,11160,225106.83709321072
243.30589630503502,10.10.2.6,10053,10.10.1.1,11000,4700700.155575234
243.3321475137457,10.10.2.6,10032,10.10.1.11,11029,1890.6167191933387
243.43148105634762,10.10.2.6,10191,10.10.1.2,11134,8355.009529548
243.46384094537964,10.10.2.6,10158,10.10.1.6,11006,30378.533200561404
243.48709420232697,10.10.2.6,10015,10.10.1.13,11088,11795.160779535705
243.5140181367962,10.10.2.6,10014,10.10.1.9,11114,46218.90638202793
243.5431150031164,10.10.2.6,10137,10.10.1.8,11002,3312.9973367474017
243.54795932716547,10.10.2.6,10175,10.10.1.12,11081,22078.491262199233
243.6791661502869,10.10.2.6,10094,10.10.1.10,11055,1522.0604588398705
243.8786970428711,10.10.2.6,10087,10.10.1.16,11011,8578.477524611671
244.22764461404807,10.10.2.6,10100,10.10.1.9,11045,72873.04388826466
244.2512923074332,10.10.2.6,10009,10.10.1.15,11066,36806242.898811504
244.4011371780072,10.10.2.6,10000,10.10.1.5,11184,109732.85425912178
244.50020018448836,10.10.2.6,10180,10.10.1.10,11080,4433.706997831727
244.53241968285752,10.10.2.6,10063,10.10.1.13,11157,5797.710393421706
244.73116751811182,10.10.2.6,10196,10.10.1.1,11057,6789.264044254215
244.73494318424494,10.10.2.6,10057,10.10.1.16,11024,11690.018208735382
244.86675697888757,10.10.2.6,10082,10.10.1.12,11182,30306149.617192082
244.8770351530687,10.10.2.6,10158,10.10.1.7,11083,18271.31179365987
244.99653699315368,10.10.2.6,10049,10.10.1.14,11112,103430821.72628659
245.02043993959686,10.10.2.6,10008,10.10.1.15,11141,2902.6284496229296
245.02888276257298,10.10.2.6,10150,10.10.1.6,11149,45403.8952470072
245.10623239511656,10.10.2.6,10166,10.10.1.2,11005,8496.723533064702
245.15799649598995,10.10.2.6,10150,10.10.1.9,11097,30251970.076879982
245.25557215773486,10.10.2.6,10151,10.10.1.4,11075,44229.82195373261
245.3203051827419,10.10.2.6,10100,10.10.1.1,11109,8736.754345972495
245.91338659744602,10.10.2.6,10190,10.10.1.4,11119,2342.576887110245
245.9301517203205,10.10.2.6,10197,10.10.1.13,11001,2703.6668012424707
245.9592037576351,10.10.2.6,10072,10.10.1.3,11172,33976.40754527148
246.27420545409007,10.10.2.6,10079,10.10.1.2,11054,94413.86754904196
246.29756056795992,10.10.2.6,10055,10.10.1.15,11195,1399675485.9095507
246.37075407966788,10.10.2.6,10052,10.10.1.2,11046,3385.946331068716
246.42971214280792,10.10.2.6,10035,10.10.1.15,11046,63620.54907034985
246.54920549989123,10.10.2.6,10089,10.10.1.2,11110,48285.966344760294
246.55188184846818,10.10.2.6,10075,10.10.1.1,11063,64866740.92964381
246.5579189248627,10.10.2.6,10158,10.10.1.13,11106,83882.42001556621
246.58439283527122,10.10.2.6,10029,10.10.1.13,11024,21071.007619898763
246.68533581496226,10.10.2.6,10117,10.10.1.7,11179,3123.55344111093
246.83577923895015,10.10.2.6,10064,10.10.1.11,11171,18683.522773571774
246.93789609783786,10.10.2.6,10088,10.10.1.11,11035,37450513.71894558
246.93872738164808,10.10.2.6,10107,10.10.1.15,11030,9893561726.233799
247.01736589465315,10.10.2.6,10097,10.10.1.3,11145,124146.25948549522
247.02836176810482,10.10.2.6,10125,10.10.1.6,11164,1961.5337825991337
247.23091580372184,10.10.2.6,10140,10.10.1.15,11052,41429.923615656335
247.236304566253,10.10.2.6,10137,10.10.1.10,11001,6080030536.782332
247.2824397352371,10.10.2.6,10141,10.10.1.6,11107,6109683.628516095
247.31015303045353,10.10.2.6,10059,10.10.1.9,11146,36688692.638396606
247.3384050110248,10.10.2.6,10005,10.10.1.15,11179,3012.782882773105
247.39898786242657,10.10.2.6,10152,10.10.1.3,11085,4926.680565913784
247.580133695846,10.10.2.6,10038,10.10.1.11,11126,2785.0810308489117
247.59038903949866,10.10.2.6,10098,10.10.1.3,11080,3430.6034842746512
247.66778959925736,10.10.2.6,10027,10.10.1.5,11082,7003.701100737371
247.81710584572065,10.10.2.6,10178,10.10.1.5,11159,60678.95310386538
247.88255036294964,10.10.2.6,10169,10.10.1.6,11150,3461.049167121298
247.95304958177113,10.10.2.6,10067,10.10.1.4,11118,45309439.66573981
248.05941859802724,10.10.2.6,10156,10.10.1.15,11133,1793.045870080881
248.0881938306619,10.10.2.6,10144,10.10.1.12,11068,16680.10188129399
248.10601917398253,10.10.2.6,10015,10.10.1.6,11017,5549823.08171241
248.1653325137164,10.10.2.6,10011,10.10.1.15,11151,3863.666998554333
248.19493516819065,10.10.2.6,10049,10.10.1.1,11078,1731.3770270450696
248.19552791209296,10.10.2.6,10138,10.10.1.16,11141,1561.7854887008978
248.21477417936202,10.10.2.6,10030,10.10.1.7,11166,4241.57933675015
248.23456633936857,10.10.2.6,10091,10.10.1.8,11162,1923.474259896679
248.2394150720589,10.10.2.6,10180,10.10.1.2,11062,404459.7080080322
248.24811187794504,10.10.2.6,10186,10.10.1.13,11112,12042.25940224477
248.33219364548432,10.10.2.6,10043,10.10.1.5,11154,1652.7215463589944
248.38037747011128,10.10.2.6,10071,10.10.1.6,11150,19239.323385795888
248.49651434643692,10.10.2.6,10106,10.10.1.4,11153,6323.100641502107
248.57428227772937,10.10.2.6,10175,10.10.1.4,11103,3722.050031926367
248.5912669450426,10.10.2.6,10175,10.10.1.13,11043,16699.346363221637
248.6326258962442,10.10.2.6,10141,10.10.1.4,11182,35114014.20128542
248.709716370946,10.10.2.6,10098,10.10.1.13,11006,48650313.012649216
248.8071168370446,10.10.2.6,10124,10.10.1.15,11118,39001769.53249374
248.85852040932375,10.10.2.6,10043,10.10.1.13,11107,17146.120395721904
248.8675711402587,10.10.2.6,10062,10.10.1.16,11097,116039176.23482929
248.96929240212606,10.10.2.6,10030,10.10.1.14,11119,148974608.76008272
248.98272151477985,10.10.2.6,10075,10.10.1.12,11103,61525.172355225906
249.00430855456875,10.10.2.6,10094,10.10.1.11,11025,9776.61870103464
249.08982979519695,10.10.2.6,10070,10.10.1.14,11043,7199.552226472503
249.095473706911,10.10.2.6,10088,10.10.1.3,11002,9613.832027426002
249.12335648459572,10.10.2.6,10165,10.10.1.9,11190,36704.6138762268
249.15380803029373,10.10.2.6,10043,10.10.1.13,11189,21224.495279182815
249.1726574735746,10.10.2.6,10177,10.10.1.4,11167,44321.36316043458
249.22771163651802,10.10.2.6,10165,10.10.1.16,11063,2775.958216957332
249.30977041024815,10.10.2.6,10108,10.10.1.14,11038,25083.63219714256
249.41746636889727,10.10.2.6,10004,10.10.1.11,11000,5148782.4549552705
249.47179071698633,10.10.2.6,10102,10.10.1.8,11129,114003555.57726721
249.4883571631323,10.10.2.6,10123,10.10.1.10,11129,1719.3446753844894
249.52628329743783,10.10.2.6,10084,10.10.1.1,11042,48930.71585569338
249.64408264384826,10.10.2.6,10124,10.10.1.8,11037,2507.105913079184
249.7482630806751,10.10.2.6,10155,10.10.1.1,11076,2223.8075891567214
249.7945881952799,10.10.2.6,10060,10.10.1.10,11003,2352.8762097552726
249.82349839020722,10.10.2.6,10047,10.10.1.2,11045,35743.87818986438
249.82708828306704,10.10.2.6,10025,10.10.1.4,11081,20993.913752589415
249.8614621935933,10.10.2.6,10034,10.10.1.15,11182,23682.84332316027
249.9427549506212,10.10.2.6,10197,10.10.1.6,11151,2030.9718021912613
250.07591490095146,10.10.2.6,10171,10.10.1.3,11118,119901.43463009491
250.15298251203347,10.10.2.6,10025,10.10.1.10,11142,6308.580095063178
250.2622515702937,10.10.2.6,10060,10.10.1.3,11081,6473.772218286689
250.27108690092592,10.10.2.6,10042,10.10.1.9,11035,30697547.719181985
250.28848089361193,10.10.2.6,10083,10.10.1.10,11156,79090.82681532216
250.38343354533487,10.10.2.6,10043,10.10.1.16,11009,42803104.64451134
250.41929952978066,10.10.2.6,10187,10.10.1.4,11108,1259897052.599783
250.47531219854284,10.10.2.6,10084,10.10.1.5,11066,8969.897638139648
250.4967854806641,10.10.2.6,10012,10.10.1.7,11102,3979916003.02082
250.67722893249567,10.10.2.6,10025,10.10.1.10,11111,2054.6526753855237
250.91675097021977,10.10.2.6,10087,10.10.1.6,11104,2862.4411142019944
250.94483298595836,10.10.2.6,10068,10.10.1.9,11164,42881.3419432982
251.03589409522243,10.10.2.6,10105,10.10.1.2,11048,6209174889.956531
251.15432380585514,10.10.2.6,10184,10.10.1.12,11125,40487.73814444342
251.2867115089717,10.10.2.6,10060,10.10.1.15,11178,45276.48931348782
251.34426557693558,10.10.2.6,10060,10.10.1.13,11003,4217.266760412439
251.4510041496557,10.10.2.6,10181,10.10.1.1,11108,30696.172831641976
251.63099428685697,10.10.2.6,10140,10.10.1.5,11178,67434726.5226307
251.70278624772757,10.10.2.6,10013,10.10.1.2,11192,144899104.67842868
251.75905418173122,10.10.2.6,10032,10.10.1.8,11152,38714.98384170185
251.8946192337353,10.10.2.6,10151,10.10.1.5,11188,1454425463.2053008
251.97549683445413,10.10.2.6,10115,10.10.1.5,11184,32390.72583707101
252.1118454609005,10.10.2.6,10061,10.10.1.10,11095,19584.91967344832
252.17696053478153,10.10.2.6,10060,10.10.1.2,11194,7109.854107288878
252.28552909223944,10.10.2.6,10087,10.10.1.1,11134,32140.52584987451
252.39968766468238,10.10.2.6,10081,10.10.1.12,11121,5655913.186379986
252.44042158958823,10.10.2.6,10144,10.10.1.14,11100,2383.5144378530968
252.47013943072096,10.10.2.6,10006,10.10.1.3,11188,32405.623120409695
252.57704037497356,10.10.2.6,10198,10.10.1.15,11034,6609.394973578328
252.6433154271815,10.10.2.6,10066,10.10.1.7,11140,39222.8507621483
252.69573160193173,10.10.2.6,10103,10.10.1.7,11170,1490738202.7633939
252.78861668542206,10.10.2.6,10156,10.10.1.7,11138,4678.500528787701
252.85898338704527,10.10.2.6,10157,10.10.1.12,11002,2707.105686867001
252.91392730911605,10.10.2.6,10009,10.10.1.6,11026,3700.8745991360274
252.91752997820342,10.10.2.6,10001,10.10.1.2,11077,5888.835351356888
253.32462829091713,10.10.2.6,10032,10.10.1.2,11148,15874.53589240319
253.47550897681353,10.10.2.6,10134,10.10.1.9,11046,32018.702118239653
253.58404744408162,10.10.2.6,10173,10.10.1.1,11022,3107.144765407607
253.6477204205777,10.10.2.6,10157,10.10.1.3,11098,45329.453482502664
253.70222956128993,10.10.2.6,10078,10.10.1.7,11114,15899.254029610489
253.70565515331825,10.10.2.6,10097,10.10.1.8,11002,1995.5361741326249
253.7928921790336,10.10.2.6,10053,10.10.1.15,11037,32349.021508628983
253.8023817463367,10.10.2.6,10104,10.10.1.16,11052,23285.13051239386
253.84643238013115,10.10.2.6,10182,10.10.1.1,11030,3200.6227172864233
254.05559469212977,10.10.2.6,10104,10.10.1.7,11193,40401122.42296772
254.5056309458388,10.10.2.6,10092,10.10.1.5,11142,1723.9617965968387
254.51449302221727,10.10.2.6,10086,10.10.1.11,11027,3150.6961056537243
254.68452915019873,10.10.2.6,10059,10.10.1.2,11114,15411.324003997592
254.6857427486556,10.10.2.6,10118,10.10.1.11,11122,4660983.30069992
254.7684951091986,10.10.2.6,10189,10.10.1.3,11097,51000.15341400287
254.7828707313381,10.10.2.6,10118,10.10.1.11,11169,9859.28132573013
255.0342611199195,10.10.2.6,10023,10.10.1.7,11090,4159364.324069731
255.13849411383447,10.10.2.6,10148,10.10.1.4,11058,1251853078.8061862
255.148950561535,10.10.2.6,10072,10.10.1.9,11065,2457.963359668668
255.2399623570668,10.10.2.6,10079,10.10.1.9,11061,49029.97277160674
255.54898246593112,10.10.2.6,10097,10.10.1.14,11183,58709.639696024344
255.5768054977005,10.10.2.6,10138,10.10.1.3,11087,8038.323467297933
255.62430126385215,10.10.2.6,10028,10.10.1.10,11174,2773.3252011262034
255.65908790759076,10.10.2.6,10173,10.10.1.1,11191,6280.251894861454
255.69738330063416,10.10.2.6,10088,10.10.1.5,11005,23427.40854669801
255.72082098524277,10.10.2.6,10178,10.10.1.1,11180,2240.4223891561846
255.7993455315652,10.10.2.6,10134,10.10.1.13,11057,27500.19593156037
255.84131557124314,10.10.2.6,10026,10.10.1.15,11136,3764454.621582357
255.8596025963546,10.10.2.6,10131,10.10.1.2,11099,9662.084250993232
255.9443733760101,10.10.2.6,10148,10.10.1.2,11118,30701.648574303985
256.11996912716637,10.10.2.6,10170,10.10.1.8,11025,67516.48341523089
256.2255902734708,10.10.2.6,10020,10.10.1.14,11086,31867041.99553109
256.3468554495983,10.10.2.6,10048,10.10.1.8,11026,61096.70195636149
256.3517986658985,10.10.2.6,10193,10.10.1.14,11132,8458.662304280544
256.35667590687484,10.10.2.6,10108,10.10.1.2,11154,2224.6323014756967
256.3787313517705,10.10.2.6,10180,10.10.1.10,11148,30369272.990400024
256.4753225786322,10.10.2.6,10153,10.10.1.6,11092,1750.6539615617078
256.5040190646145,10.10.2.6,10156,10.10.1.4,11084,870952546.9459465
256.6213668086862,10.10.2.6,10051,10.10.1.4,11022,30469.075197399157
256.66231747489724,10.10.2.6,10064,10.10.1.10,11131,4216.740628937809
256.73610545183465,10.10.2.6,10015,10.10.1.2,11179,6587.276390289061
256.76168778933044,10.10.2.6,10051,10.10.1.4,11021,5902275.816558717
256.77922990725165,10.10.2.6,10052,10.10.1.6,11117,5928608.887230897
256.8348724138191,10.10.2.6,10156,10.10.1.10,11141,2098.4482259749143
256.86065633619495,10.10.2.6,10074,10.10.1.11,11094,16314.250556580599
256.94410592454796,10.10.2.6,10179,10.10.1.10,11090,4345.45351108503
256.9896626167724,10.10.2.6,10179,10.10.1.6,11190,7316.386660960094
256.9980989084219,10.10.2.6,10107,10.10.1.8,11013,2031.7825677883009
257.0061256313959,10.10.2.6,10126,10.10.1.5,11198,1705.1616210262669
257.1435006682425,10.10.2.6,10190,10.10.1.12,11175,48854.93332845299
257.1489552577379,10.10.2.6,10015,10.10.1.6,11017,23171.88673201817
257.3707939589743,10.10.2.6,10128,10.10.1.16,11033,1637.038957694868
257.4457720352825,10.10.2.6,10176,10.10.1.10,11122,18611.601387071212
257.4557176447524,10.10.2.6,10149,10.10.1.12,11022,16184.111180321232
257.5290607902706,10.10.2.6,10129,10.10.1.7,11052,1836.8190273956782
257.5735844866345,10.10.2.6,10126,10.10.1.14,11180,45803956.31892073
257.67707926656846,10.10.2.6,10197,10.10.1.12,11071,23281.4758210874
257.7040854784413,10.10.2.6,10154,10.10.1.12,11116,37955362.72515028
257.95787864856754,10.10.2.6,10160,10.10.1.3,11170,2427.0841945324028
258.0512616956344,10.10.2.6,10185,10.10.1.10,11153,1594.6595122160386
258.07292669431894,10.10.2.6,10087,10.10.1.12,11048,8072.5735976424885
258.1561043810995,10.10.2.6,10115,10.10.1.14,11051,47995.21379627793
258.319859867878,10.10.2.6,10059,10.10.1.2,11035,113731316.33486094
258.3744021800961,10.10.2.6,10050,10.10.1.5,11091,1660.543309128176
258.41494129183616,10.10.2.6,10038,10.10.1.7,11182,2485.601053173759
258.51994380166167,10.10.2.6,10065,10.10.1.3,11036,22202.20674730664
258.5703213678464,10.10.2.6,10016,10.10.1.5,11066,3650.3686401571185
258.5818493802785,10.10.2.6,10122,10.10.1.16,11060,115415.28621933146
258.7186181044173,10.10.2.6,10191,10.10.1.11,11073,4351.960158595072
258.75907577228554,10.10.2.6,10161,10.10.1.4,11117,3749.0626955875014
258.93546785572136,10.10.2.6,10028,10.10.1.11,11153,2179.6084059481323
258.9893152347795,10.10.2.6,10158,10.10.1.7,11079,6375.4977289986955
259.1121320873564,10.10.2.6,10189,10.10.1.11,11001,2314.873160704108
259.34175644074355,10.10.2.6,10102,10.10.1.7,11113,5069730.153792566
259.34506480204755,10.10.2.6,10045,10.10.1.13,11015,1680727123.8781176
259.4094857905074,10.10.2.6,10087,10.10.1.7,11099,1848.2123529859693
259.42769606970563,10.10.2.6,10192,10.10.1.2,11089,3248.421411316916
259.4995044712524,10.10.2.6,10197,10.10.1.10,11120,21969.255275736505
259.5319466106355,10.10.2.6,10010,10.10.1.3,11083,1976.1921117448355
259.5849160800521,10.10.2.6,10088,10.10.1.12,11003,1698.0571741300062
259.59071320272585,10.10.2.6,10161,10.10.1.15,11129,5690.894804546025
259.625376641464,10.10.2.6,10027,10.10.1.8,11020,3684.0768490760893
259.7421733360744,10.10.2.6,10010,10.10.1.2,11059,17924.52298117342
259.883888772679,10.10.2.6,10042,10.10.1.1,11064,3419.3951816648105
259.88663801361866,10.10.2.6,10131,10.10.1.10,11109,6821.361895942479
259.8971333296026,10.10.2.6,10127,10.10.1.6,11014,5492.340089713932
259.95839775097255,10.10.2.6,10172,10.10.1.5,11169,1268921230.6273625
260.1496876124319,10.10.2.6,10022,10.10.1.10,11008,75529.63662638879
260.22880877434335,10.10.2.6,10137,10.10.1.3,11128,33491007.42748182
260.2731740772627,10.10.2.6,10129,10.10.1.16,11030,2383.242775270781
260.3085863467381,10.10.2.6,10087,10.10.1.1,11149,44582.06600032836
260.3809840596436,10.10.2.6,10084,10.10.1.6,11100,4772.604666819845
260.4722485332611,10.10.2.6,10025,10.10.1.11,11169,33203795.089821827
260.4738582177593,10.10.2.6,10129,10.10.1.2,11080,35082839.84226325
260.5322359269451,10.10.2.6,10045,10.10.1.12,11062,6053165.531691228
260.7163389567101,10.10.2.6,10134,10.10.1.10,11127,2039.0102218931033
260.8939537159738,10.10.2.6,10130,10.10.1.4,11025,4002185.5792600857
260.89638581293354,10.10.2.6,10004,10.10.1.16,11152,8684.439099773695
261.0422903533766,10.10.2.6,10065,10.10.1.2,11011,30463.80604898054
261.0508352197388,10.10.2.6,10120,10.10.1.12,11195,2311.022338654748
261.1315443162126,10.10.2.6,10197,10.10.1.2,11039,2142.886283187935
261.29619014409593,10.10.2.6,10148,10.10.1.8,11123,5379246.124099587
261.50217097243615,10.10.2.6,10191,10.10.1.3,11135,1626.8653045584738
261.5833198358461,10.10.2.6,10051,10.10.1.5,11056,7484.6956863250025
261.6279816921351,10.10.2.6,10042,10.10.1.14,11139,6548.744528760338
261.6849941372416,10.10.2.6,10155,10.10.1.10,11103,20240.646975867607
261.8078420876164,10.10.2.6,10062,10.10.1.7,11142,1885.7455633798038
261.8456092908982,10.10.2.6,10194,10.10.1.15,11106,72514.91317587053
261.8486422855043,10.10.2.6,10149,10.10.1.3,11184,2710.039211014235
261.87943812346356,10.10.2.6,10169,10.10.1.10,11157,33142903.840170197
261.9827259616992,10.10.2.6,10084,10.10.1.2,11136,59050.916362355136
261.9902803250281,10.10.2.6,10168,10.10.1.15,11163,41633.9969278552
262.0195371352592,10.10.2.6,10050,10.10.1.8,11076,1688.544613059989
262.02142046604115,10.10.2.6,10133,10.10.1.4,11189,11499.052725885145
262.03358236224364,10.10.2.6,10046,10.10.1.7,11099,4959.991868156147
262.20052173116676,10.10.2.6,10142,10.10.1.13,11145,2015.3577505519686
262.207164113218,10.10.2.6,10058,10.10.1.9,11031,65129.645536196
262.317806773424,10.10.2.6,10156,10.10.1.10,11179,2195.466439459268
262.42873605906476,10.10.2.6,10169,10.10.1.3,11159,66015.85111519636
262.4312257958006,10.10.2.6,10190,10.10.1.7,11184,2394.595734367661
262.44136031084514,10.10.2.6,10120,10.10.1.8,11148,77698.63927099243
262.5431319568074,10.10.2.6,10099,10.10.1.11,11043,35289.96860854578
262.6922941164772,10.10.2.6,10169,10.10.1.14,11011,24446.32300286285
262.7334275526719,10.10.2.6,10065,10.10.1.16,11196,7657.74161280935
262.86147916433947,10.10.2.6,10164,10.10.1.4,11146,7686.252045502287
263.0004592181534,10.10.2.6,10105,10.10.1.2,11105,3599.082813255303
263.1402150954763,10.10.2.6,10135,10.10.1.3,11080,1982.286649830059
263.2442518598806,10.10.2.6,10026,10.10.1.1,11155,8527.377791580671
263.3320791130617,10.10.2.6,10095,10.10.1.9,11067,39407.46624614441
263.57286860593905,10.10.2.6,10140,10.10.1.7,11094,9700.256387076875
264.08641944206636,10.10.2.6,10119,10.10.1.13,11141,4860.8104418516505
264.11698895035266,10.10.2.6,10019,10.10.1.13,11175,36866598.19598646
264.132648606394,10.10.2.6,10110,10.10.1.15,11031,15825.699742728102
264.30361934833724,10.10.2.6,10153,10.10.1.14,11065,60104.08594930029
264.3048636756112,10.10.2.6,10166,10.10.1.10,11027,24518.475188324228
264.52314666858865,10.10.2.6,10042,10.10.1.13,11196,5784.070541975504
264.5294874360429,10.10.2.6,10121,10.10.1.11,11090,18290.26520533479
264.6313564840462,10.10.2.6,10034,10.10.1.4,11014,47373759.6945905
264.650091818669,10.10.2.6,10103,10.10.1.16,11173,90698041.48627572
264.6700065900024,10.10.2.6,10122,10.10.1.13,11098,1641.646680953216
264.717125407203,10.10.2.6,10004,10.10.1.3,11033,46922.29378741505
264.71732493121715,10.10.2.6,10125,10.10.1.6,11077,1189153.9956073456
264.7268807046322,10.10.2.6,10052,10.10.1.11,11090,7103.149098090517
264.814628199843,10.10.2.6,10070,10.10.1.10,11088,109647.15513762753
264.8782683444643,10.10.2.6,10145,10.10.1.12,11187,37335.7329353019
264.9079824589827,10.10.2.6,10101,10.10.1.10,11043,18473.618193974686
264.95232477708566,10.10.2.6,10004,10.10.1.11,11090,1617.3998137688222
264.96357797277165,10.10.2.6,10198,10.10.1.12,11098,2456.8203124731394
265.14875729869993,10.10.2.6,10110,10.10.1.16,11008,4238.011454631068
265.20050692084436,10.10.2.6,10025,10.10.1.16,11079,2496.6993524209865
265.2218957045285,10.10.2.6,10131,10.10.1.10,11175,19688.350005141918
265.5627776585773,10.10.2.6,10134,10.10.1.3,11068,5952.208978842853
265.58982853476044,10.10.2.6,10186,10.10.1.8,11190,22008.49035102376
265.8217617661924,10.10.2.6,10066,10.10.1.8,11056,36453.11774301108
265.8718688776711,10.10.2.6,10070,10.10.1.16,11035,2438.371234668796
265.89307165141696,10.10.2.6,10060,10.10.1.4,11033,2157.837473856135
265.9850619081397,10.10.2.6,10144,10.10.1.16,11024,7318.343646920904
266.1182394641611,10.10.2.6,10059,10.10.1.10,11086,2367.764337774535
266.2403075537527,10.10.2.6,10073,10.10.1.12,11120,8855.79261982635
266.2719307896414,10.10.2.6,10097,10.10.1.7,11108,22193.19993201107
266.3245156390555,10.10.2.6,10133,10.10.1.1,11040,3360.0010508672294
266.4104240095104,10.10.2.6,10133,10.10.1.5,11029,6272.403893673421
266.4866140445391,10.10.2.6,10188,10.10.1.10,11049,3512.254797946998
266.7212738978737,10.10.2.6,10124,10.10.1.4,11004,8400.296587932986
266.72130948889463,10.10.2.6,10016,10.10.1.2,11002,55810.80855133616
266.7215070050525,10.10.2.6,10094,10.10.1.11,11027,29361.22274869059
266.80810490855436,10.10.2.6,10056,10.10.1.1,11156,17279.637575992354
266.9248929665168,10.10.2.6,10022,10.10.1.9,11139,7069.663958574325
266.93566883989007,10.10.2.6,10038,10.10.1.4,11114,31497.278292806353
266.97273776894036,10.10.2.6,10088,10.10.1.8,11041,53343.888124763536
267.31983183490615,10.10.2.6,10158,10.10.1.13,11025,74791.04514975214
267.61417311147864,10.10.2.6,10044,10.10.1.14,11080,41582.7404392214
267.6551046209052,10.10.2.6,10099,10.10.1.8,11060,35838.594400876274
267.67382338843015,10.10.2.6,10108,10.10.1.7,11111,29819.03763911395
267.7958855379527,10.10.2.6,10169,10.10.1.4,11042,31377.731050812108
267.9337331219908,10.10.2.6,10044,10.10.1.6,11047,24444.829862238716
268.06966733556925,10.10.2.6,10083,10.10.1.6,11161,1884.7669620244621
268.0728235856593,10.10.2.6,10190,10.10.1.6,11065,33224.20093128737
268.2217310574757,10.10.2.6,10107,10.10.1.1,11013,15516.194292351225
268.30002892426126,10.10.2.6,10145,10.10.1.5,11192,43740329.55720333
268.4443212220105,10.10.2.6,10024,10.10.1.12,11179,4580689.875919833
268.44945081476357,10.10.2.6,10051,10.10.1.3,11117,12012.678987004781
268.7288285886442,10.10.2.6,10111,10.10.1.7,11016,1596.9365143500324
268.73182534775555,10.10.2.6,10004,10.10.1.9,11097,30010.890913635492
268.95655927014167,10.10.2.6,10053,10.10.1.10,11118,5924891.443440796
268.974327400087,10.10.2.6,10165,10.10.1.2,11151,4049892895.188646
269.0252898487706,10.10.2.6,10082,10.10.1.11,11139,2506.148784697984
269.1598216705217,10.10.2.6,10091,10.10.1.16,11185,42822501.44204219
269.2310038390854,10.10.2.6,10172,10.10.1.15,11082,86577.8925576251
269.3570523978186,10.10.2.6,10126,10.10.1.4,11005,6256.032450292541
269.35825931544576,10.10.2.6,10174,10.10.1.6,11115,106870756.96157677
269.56670842237696,10.10.2.6,10029,10.10.1.9,11102,4714.616136699815
269.620260331967,10.10.2.6,10075,10.10.1.6,11172,4632.148503714332
269.62201830797534,10.10.2.6,10196,10.10.1.4,11059,49078.99692155888
269.6513119740663,10.10.2.6,10175,10.10.1.10,11113,48160.497738556965
269.6806701001133,10.10.2.6,10094,10.10.1.16,11023,4990.1596930593105
269.7041107002966,10.10.2.6,10091,10.10.1.7,11007,93430.07517517361
269.7426100588457,10.10.2.6,10131,10.10.1.7,11169,34082.46373768833
269.83023468467843,10.10.2.6,10143,10.10.1.15,11121,11862.157290054798
270.0210037212651,10.10.2.6,10093,10.10.1.3,11057,6373.015125546177
270.1033129958625,10.10.2.6,10189,10.10.1.11,11116,2313.7003460402543
270.1063889521577,10.10.2.6,10181,10.10.1.5,11046,4729511.4535752265
270.1993966385444,10.10.2.6,10191,10.10.1.11,11006,5408513.7630715
270.21221069622345,10.10.2.6,10174,10.10.1.15,11133,2384.7080232459225
270.2618428464427,10.10.2.6,10001,10.10.1.7,11025,19676.638616306325
270.3377292221078,10.10.2.6,10108,10.10.1.5,11167,2458.7662151526765
270.43752524864146,10.10.2.6,10147,10.10.1.12,11160,1896.322213327572
270.43793900900386,10.10.2.6,10119,10.10.1.13,11183,2489.648149277088
270.497753823473,10.10.2.6,10091,10.10.1.12,11082,32930.33322247328
270.5560489742705,10.10.2.6,10004,10.10.1.2,11095,118841581.74884677
270.6013842035969,10.10.2.6,10039,10.10.1.5,11123,32186.16701873748
270.6062344330026,10.10.2.6,10010,10.10.1.14,11016,21807.510946148886
270.60963003651773,10.10.2.6,10130,10.10.1.12,11136,59598.48664815908
270.6459165448153,10.10.2.6,10009,10.10.1.12,11163,26111.791180152
270.6466881394251,10.10.2.6,10023,10.10.1.10,11053,7083.483146332813
270.8990932781736,10.10.2.6,10041,10.10.1.2,11103,39838.5173192649
270.9216665650075,10.10.2.6,10002,10.10.1.14,11050,3626.9221077713446
270.9300697283721,10.10.2.6,10097,10.10.1.15,11022,8070.276166153955
270.99084125482176,10.10.2.6,10064,10.10.1.3,11044,136288044.95161396
271.1040458657701,10.10.2.6,10003,10.10.1.3,11081,19823.968608252773
271.11105318589216,10.10.2.6,10165,10.10.1.12,11087,22619.913630401257
271.1248074992221,10.10.2.6,10015,10.10.1.8,11193,1973.1718833542648
271.1505391697503,10.10.2.6,10088,10.10.1.12,11026,75081.1571970273
271.29266787125374,10.10.2.6,10049,10.10.1.3,11105,11434.488182798157
271.43354058883193,10.10.2.6,10020,10.10.1.11,11091,32228.12517112781
271.5016854701014,10.10.2.6,10038,10.10.1.6,11163,1695.8056136805099
271.57980888809556,10.10.2.6,10042,10.10.1.14,11031,5476217.550707321
271.6562230237052,10.10.2.6,10104,10.10.1.15,11049,22143.71603552983
271.84553645983107,10.10.2.6,10167,10.10.1.11,11046,2688.399816615652
271.9841236591873,10.10.2.6,10132,10.10.1.10,11182,3075.4784306788097
272.10720430069495,10.10.2.6,10079,10.10.1.5,11128,4067.525806084604
272.1236328497579,10.10.2.6,10031,10.10.1.3,11089,5343.833594965157
272.277990778651,10.10.2.6,10194,10.10.1.6,11092,4804.196005817535
272.3390931812753,10.10.2.6,10101,10.10.1.8,11011,27104.97777283674
272.3806958290438,10.10.2.6,10087,10.10.1.5,11167,24669.367422728807
272.4662408073358,10.10.2.6,10138,10.10.1.13,11064,23407.326665731114
272.49276485768434,10.10.2.6,10110,10.10.1.3,11077,2342.767174726146
272.6784593828777,10.10.2.6,10007,10.10.1.9,11152,1986.3915392594383
272.71108094470594,10.10.2.6,10033,10.10.1.9,11031,1893.442212677969
272.77816246005295,10.10.2.6,10048,10.10.1.2,11170,3094.3105108325676
272.7953017928108,10.10.2.6,10124,10.10.1.14,11103,1789.061754045893
272.795512671683,10.10.2.6,10184,10.10.1.13,11009,22414.90292073965
273.20540859912995,10.10.2.6,10069,10.10.1.3,11173,10811.100442900835
273.3842014910886,10.10.2.6,10195,10.10.1.14,11101,24142.097135429864
273.4932544432371,10.10.2.6,10005,10.10.1.5,11072,4838.117650393711
273.72905703180203,10.10.2.6,10010,10.10.1.5,11122,25643.339926340104
273.829462350197,10.10.2.6,10092,10.10.1.11,11099,4364.593421775642
273.84763756705803,10.10.2.6,10009,10.10.1.4,11095,147541813.7566981
273.9059624948185,10.10.2.6,10091,10.10.1.5,11115,12323.299215193785
273.92773022341385,10.10.2.6,10074,10.10.1.15,11166,15371.60329026959
274.0782815455733,10.10.2.6,10056,10.10.1.5,11097,977536457.1342075
274.1032774696801,10.10.2.6,10043,10.10.1.11,11150,61875.77538860991
274.2730450097139,10.10.2.6,10147,10.10.1.15,11044,21752.879459130447
274.333676485802,10.10.2.6,10186,10.10.1.16,11056,1871.9664790549307
274.409408603046,10.10.2.6,10179,10.10.1.2,11112,2477.3922817685416
274.51525157641703,10.10.2.6,10022,10.10.1.11,11161,5668.405246305127
274.5975683164698,10.10.2.6,10175,10.10.1.10,11048,21056.569367561413
274.6003864005611,10.10.2.6,10183,10.10.1.13,11132,5593.228393723199
274.68285602523537,10.10.2.6,10166,10.10.1.13,11177,55251.80460390461
274.68637994088584,10.10.2.6,10073,10.10.1.14,11013,4594.2909355815045
274.81786282836873,10.10.2.6,10183,10.10.1.16,11188,19148.610425284867
275.0160647270638,10.10.2.6,10011,10.10.1.11,11057,412628.6313051147
275.04977573199704,10.10.2.6,10172,10.10.1.4,11152,2414.0102769639802
275.07339081740514,10.10.2.6,10048,10.10.1.5,11092,1721.714280825932
275.37719490941555,10.10.2.6,10165,10.10.1.14,11081,25340.161060422437
275.3792095592393,10.10.2.6,10111,10.10.1.10,11108,5254145.737954347
275.53344759200627,10.10.2.6,10153,10.10.1.14,11150,40387078.41800814
275.5855376251761,10.10.2.6,10152,10.10.1.10,11117,3317.735575927995
275.7460675479883,10.10.2.6,10122,10.10.1.15,11164,39881.750507987956
275.772414387847,10.10.2.6,10004,10.10.1.16,11052,24277.019085716693
275.7762986201449,10.10.2.6,10090,10.10.1.11,11068,5406.825175461534
275.8065404272752,10.10.2.6,10103,10.10.1.5,11030,35988896.585450985
275.832560381554,10.10.2.6,10028,10.10.1.3,11065,2412.9839073520275
276.2557383846555,10.10.2.6,10061,10.10.1.6,11137,4619023.985387508
276.33609811750915,10.10.2.6,10030,10.10.1.12,11008,5963780909.154155
276.3798725943045,10.10.2.6,10001,10.10.1.7,11077,5363.316499722025
276.50684738995614,10.10.2.6,10146,10.10.1.8,11139,9159.38274561811
276.5290374462166,10.10.2.6,10104,10.10.1.6,11112,45722.85741398438
276.53882562417,10.10.2.6,10089,10.10.1.12,11042,3108.3299451211587
276.5445594610592,10.10.2.6,10179,10.10.1.7,11187,115848.99836196855
276.55798929146107,10.10.2.6,10020,10.10.1.13,11123,6275.3871535242715
276.5636552654326,10.10.2.6,10127,10.10.1.4,11179,52623.07770541157
276.62016628145574,10.10.2.6,10093,10.10.1.7,11013,4717.934165633826
276.71502473068415,10.10.2.6,10006,10.10.1.13,11113,11133.150436137646
276.80939058283116,10.10.2.6,10082,10.10.1.2,11118,24172.19960669568
277.2841488917383,10.10.2.6,10157,10.10.1.16,11036,948673315.502119
277.41808647860864,10.10.2.6,10167,10.10.1.15,11171,115214.98961335783
277.50517017343174,10.10.2.6,10144,10.10.1.7,11146,30491.301034392352
277.52046575767787,10.10.2.6,10018,10.10.1.6,11055,3047.9792962015904
277.5618075992903,10.10.2.6,10126,10.10.1.4,11187,18847.740269579986
277.5731245366016,10.10.2.6,10099,10.10.1.10,11166,86621.82522172967
277.7021271460093,10.10.2.6,10143,10.10.1.6,11034,2285.072268320898
277.8911165292485,10.10.2.6,10180,10.10.1.8,11150,6228.005114515611
278.05825541621135,10.10.2.6,10181,10.10.1.7,11146,4696.66794159294
278.06796579700864,10.10.2.6,10091,10.10.1.5,11180,1606.3387809768426
278.1733988272325,10.10.2.6,10139,10.10.1.14,11039,20425.434301844303
278.2683810479264,10.10.2.6,10129,10.10.1.9,11107,6199.842729981
278.30257672630444,10.10.2.6,10191,10.10.1.7,11161,7391.963092770675
278.4146036891272,10.10.2.6,10051,10.10.1.3,11168,6198.3748847522975
278.48424102108095,10.10.2.6,10115,10.10.1.15,11109,4172.273891630003
278.582768933281,10.10.2.6,10148,10.10.1.5,11169,1730.2534392896646
278.9533961851202,10.10.2.6,10170,10.10.1.14,11106,47606.2519967486
279.1182890421785,10.10.2.6,10042,10.10.1.10,11167,21664.076798143105
279.1643194958775,10.10.2.6,10145,10.10.1.3,11121,114156.29127296765
279.196347672945,10.10.2.6,10022,10.10.1.12,11196,23050.071346929726
279.2965361621836,10.10.2.6,10192,10.10.1.9,11122,1099985.9871076776
279.4691478310886,10.10.2.6,10135,10.10.1.4,11085,23792.409571095075
279.5274404453818,10.10.2.6,10073,10.10.1.12,11139,10669608.086870456
279.55551710310226,10.10.2.6,10085,10.10.1.12,11013,32197.554003881643
279.77167389146894,10.10.2.6,10198,10.10.1.16,11008,83248.58120446348
279.7810449615662,10.10.2.6,10102,10.10.1.7,11056,97949.35099593169
279.91882276894694,10.10.2.6,10124,10.10.1.11,11012,9794.120218719432
280.09731155995905,10.10.2.6,10197,10.10.1.12,11046,16477.873928820663
280.2719700734251,10.10.2.6,10008,10.10.1.1,11096,7247.160011225067
280.32237053356806,10.10.2.6,10153,10.10.1.16,11000,10353.123477486644
280.33731756707056,10.10.2.6,10021,10.10.1.15,11166,5693.138165167041
280.5039465495738,10.10.2.6,10154,10.10.1.15,11186,214410.4372654686
280.6450496040289,10.10.2.6,10184,10.10.1.3,11026,3001.7846803243956
280.67161347563047,10.10.2.6,10160,10.10.1.7,11098,10080027515.617695
280.7246928199187,10.10.2.6,10075,10.10.1.14,11169,4652.378438525926
280.82312106121077,10.10.2.6,10170,10.10.1.1,11038,2112.503737601697
281.1022602172011,10.10.2.6,10004,10.10.1.1,11142,6796.481877729021
281.1122713392823,10.10.2.6,10003,10.10.1.2,11108,3935.3045571862817
281.25577577452253,10.10.2.6,10077,10.10.1.4,11074,5546163.941245288
281.28725271836606,10.10.2.6,10038,10.10.1.2,11022,5028969.175967217
281.2957672128427,10.10.2.6,10151,10.10.1.14,11143,77010.50810381492
281.36041467138995,10.10.2.6,10113,10.10.1.14,11123,30358468.615459666
281.44378670560525,10.10.2.6,10029,10.10.1.10,11048,2863.813045104542
281.6282037299053,10.10.2.6,10040,10.10.1.13,11093,4650.078014449794
281.9034300205365,10.10.2.6,10044,10.10.1.6,11074,4881.876229219572
281.9065105601072,10.10.2.6,10089,10.10.1.7,11019,1799.288489804352
281.91092274339377,10.10.2.6,10110,10.10.1.2,11172,130765017.55184938
281.9118100977202,10.10.2.6,10067,10.10.1.3,11069,4543.043044441654
281.9302299130434,10.10.2.6,10100,10.10.1.6,11045,165210.96760320218
281.99497933931855,10.10.2.6,10189,10.10.1.1,11106,16899.81872715505
282.22941484013415,10.10.2.6,10099,10.10.1.9,11187,2219.1106078969888
282.26894826587596,10.10.2.6,10080,10.10.1.13,11053,42744006.28750492
282.28599184651625,10.10.2.6,10029,10.10.1.9,11006,1972.4691052423896
282.3884802788253,10.10.2.6,10056,10.10.1.10,11151,19326.946331843505
282.4017751716907,10.10.2.6,10168,10.10.1.6,11187,36112.61950458382
282.50109938407405,10.10.2.6,10144,10.10.1.12,11184,7539.519662592856
282.5170570447236,10.10.2.6,10062,10.10.1.13,11142,5093474.403890938
282.5839559317412,10.10.2.6,10142,10.10.1.15,11056,1832.0122262047166
282.5851429118535,10.10.2.6,10197,10.10.1.5,11060,545446.4437403983
282.67052506658945,10.10.2.6,10171,10.10.1.6,11022,37314.076101497914
282.7072113966941,10.10.2.6,10005,10.10.1.13,11114,1847.4787291631992
282.7542419617288,10.10.2.6,10184,10.10.1.13,11091,465919.9843098611
282.819189904021,10.10.2.6,10046,10.10.1.13,11171,135217602.8126026
282.9748707621164,10.10.2.6,10004,10.10.1.3,11055,30592.034412033954
283.00747264123703,10.10.2.6,10013,10.10.1.1,11062,36076.65525099323
283.00983897590686,10.10.2.6,10110,10.10.1.8,11096,50212.1054825439
283.0525358757382,10.10.2.6,10036,10.10.1.16,11093,2233.497800319319
283.1454465513186,10.10.2.6,10038,10.10.1.4,11183,88974832.59275284
283.1883741486079,10.10.2.6,10182,10.10.1.11,11015,9870.429804323863
283.20607786429076,10.10.2.6,10170,10.10.1.1,11062,924540.7914591479
283.2081245253658,10.10.2.6,10031,10.10.1.10,11130,2211.130989462389
283.20998874539805,10.10.2.6,10085,10.10.1.8,11126,48869.826405301
283.2411705805723,10.10.2.6,10088,10.10.1.10,11023,2393.9172725068374
283.2820914544104,10.10.2.6,10023,10.10.1.4,11141,35690885.63785197
283.6105930448503,10.10.2.6,10023,10.10.1.8,11143,33662.90470321142
283.76872978530054,10.10.2.6,10034,10.10.1.13,11093,25579.228307792284
283.8479755596763,10.10.2.6,10053,10.10.1.13,11179,8829.637907428563
283.9672127051186,10.10.2.6,10160,10.10.1.6,11173,1724.2558245020357
283.97730513272234,10.10.2.6,10144,10.10.1.3,11029,10489960.260138286
284.0406807553221,10.10.2.6,10068,10.10.1.5,11155,73420.46237267037
284.08378757963624,10.10.2.6,10035,10.10.1.1,11137,2098.9296838291316
284.0862143327975,10.10.2.6,10105,10.10.1.10,11096,18608.02893445768
284.12249138839877,10.10.2.6,10055,10.10.1.10,11143,102806.70469436084
284.17932622193865,10.10.2.6,10115,10.10.1.10,11012,47769995.24726043
284.2802953746422,10.10.2.6,10021,10.10.1.9,11040,9557.8476820445
284.2827003346762,10.10.2.6,10000,10.10.1.15,11004,2371.5509949056172
284.4843424109946,10.10.2.6,10098,10.10.1.6,11165,24802.731449904582
284.54681914587155,10.10.2.6,10103,10.10.1.16,11086,33096.587614070646
284.5734527712306,10.10.2.6,10187,10.10.1.11,11194,24520.655161585986
284.5785527845177,10.10.2.6,10134,10.10.1.12,11021,36237.49915908284
284.9743920033673,10.10.2.6,10187,10.10.1.9,11087,32086.897319469095
285.1060246744835,10.10.2.6,10085,10.10.1.9,11024,31812.76297480676
285.4771759162561,10.10.2.6,10029,10.10.1.9,11102,22893.83979033864
285.57390910199206,10.10.2.6,10007,10.10.1.6,11035,60436.09450518516
285.61440718923234,10.10.2.6,10183,10.10.1.4,11169,5808175.908398654
286.06477269545184,10.10.2.6,10033,10.10.1.6,11049,83866.44975107313
286.0688764703928,10.10.2.6,10094,10.10.1.14,11024,3903.068776685539
286.0814670498368,10.10.2.6,10172,10.10.1.12,11062,3053.2819722885674
286.14970875334626,10.10.2.6,10121,10.10.1.15,11137,483856.0285136488
286.1679555791208,10.10.2.6,10012,10.10.1.3,11094,5767.282901453021
286.1833066852674,10.10.2.6,10155,10.10.1.15,11015,31301.566210191908
286.3267174522843,10.10.2.6,10172,10.10.1.15,11141,4500.573810905728
286.45093257589696,10.10.2.6,10139,10.10.1.13,11141,4807261.588117103
286.67863094628495,10.10.2.6,10136,10.10.1.14,11097,2729.4164257174452
286.9932761047915,10.10.2.6,10016,10.10.1.11,11168,19113.312924529346
287.0675296459581,10.10.2.6,10110,10.10.1.7,11169,3900421.86647405
287.07362467240114,10.10.2.6,10195,10.10.1.14,11104,4537203.6441340055
287.07894712495556,10.10.2.6,10005,10.10.1.6,11027,42167543.378026396
287.1214873794596,10.10.2.6,10044,10.10.1.5,11177,2165.5958896565057
287.2319677364054,10.10.2.6,10088,10.10.1.1,11158,23612.796978297094
287.2398607636095,10.10.2.6,10073,10.10.1.15,11087,2807.455449144322
287.28188456129664,10.10.2.6,10105,10.10.1.15,11176,7630.250527194325
287.29307921465835,10.10.2.6,10124,10.10.1.10,11051,30201.630194528007
287.3130322773681,10.10.2.6,10048,10.10.1.3,11191,37006.22295389341
287.51158278788324,10.10.2.6,10052,10.10.1.16,11134,3190.6127790557425
288.00108445963036,10.10.2.6,10041,10.10.1.16,11009,11727.872599594333
288.1680760277213,10.10.2.6,10102,10.10.1.8,11094,2183.162417290855
288.1793165008193,10.10.2.6,10110,10.10.1.2,11190,71609094.25631899
288.42500734981036,10.10.2.6,10097,10.10.1.11,11114,10352.601411226704
288.43287118775896,10.10.2.6,10036,10.10.1.1,11012,48956.13990861727
288.4333541690718,10.10.2.6,10005,10.10.1.1,11165,69419863.256394
288.44619827870974,10.10.2.6,10117,10.10.1.11,11141,2277.8054944794076
288.5782557880706,10.10.2.6,10175,10.10.1.14,11107,5450.03549023025
288.7440742852649,10.10.2.6,10110,10.10.1.3,11008,88576.02242299286
288.764187665841,10.10.2.6,10174,10.10.1.3,11024,5641640.473049508
288.7719320392568,10.10.2.6,10167,10.10.1.12,11189,35895350.22260653
289.19760498803095,10.10.2.6,10133,10.10.1.12,11147,3376.763044720856
289.25230913403743,10.10.2.6,10079,10.10.1.1,11146,26704.515812709633
289.3132521276476,10.10.2.6,10081,10.10.1.7,11009,82242.0431083618
289.3678205424323,10.10.2.6,10106,10.10.1.8,11054,45785.628621283104
289.3693802324026,10.10.2.6,10134,10.10.1.16,11000,12179509129.495451
289.414941758237,10.10.2.6,10132,10.10.1.1,11055,21843.43618581838
289.4840455808591,10.10.2.6,10016,10.10.1.7,11172,11019.783724666579
289.5756541152568,10.10.2.6,10150,10.10.1.7,11090,5604233.474549489
289.5863548383931,10.10.2.6,10144,10.10.1.14,11034,36465.50063607993
289.62138645775303,10.10.2.6,10176,10.10.1.2,11113,6366.03423011042
289.85980676587184,10.10.2.6,10148,10.10.1.6,11160,4538.169702590201
289.88448263913074,10.10.2.6,10101,10.10.1.13,11076,135585239.21310157
289.9021123167701,10.10.2.6,10046,10.10.1.8,11187,5249.405806235589
289.9194120207701,10.10.2.6,10166,10.10.1.6,11172,116227.64241843925
290.0145197514201,10.10.2.6,10079,10.10.1.3,11066,3254.490210501913
290.28805326418706,10.10.2.6,10099,10.10.1.14,11159,1616.5969186561554
290.43140091646217,10.10.2.6,10185,10.10.1.12,11009,2403.3079089005414
290.49774408365886,10.10.2.6,10113,10.10.1.10,11089,15923.953418063571
290.6318020662008,10.10.2.6,10080,10.10.1.3,11109,4998.359952805368
290.6899852250632,10.10.2.6,10151,10.10.1.10,11138,35798699.135879934
290.73274952149535,10.10.2.6,10003,10.10.1.4,11091,4107.208107388888
290.84127265683827,10.10.2.6,10072,10.10.1.3,11083,22905.53057275348
291.13539700772924,10.10.2.6,10072,10.10.1.3,11038,2268.388265878218
291.19782998872705,10.10.2.6,10011,10.10.1.7,11012,220967.44081708556
291.2228378653733,10.10.2.6,10026,10.10.1.4,11117,6947.758449899373
291.2907288039388,10.10.2.6,10109,10.10.1.3,11052,8827.87070103461
291.2963482138965,10.10.2.6,10152,10.10.1.7,11107,3409.1183073157426
291.37267520145576,10.10.2.6,10168,10.10.1.14,11050,2903.587630143008
291.57758370312285,10.10.2.6,10122,10.10.1.14,11024,32885.44880738332
291.5796931820573,10.10.2.6,10142,10.10.1.3,11116,244998.8382926648
291.6370594480724,10.10.2.6,10039,10.10.1.12,11141,6186069.821519198
291.69429487609744,10.10.2.6,10049,10.10.1.4,11135,87908.95669766646
291.84130911056013,10.10.2.6,10090,10.10.1.16,11009,1033796823.7601564
291.854267324172,10.10.2.6,10037,10.10.1.3,11060,2389.0471101128346
291.9428032642475,10.10.2.6,10065,10.10.1.2,11005,31686177.04207345
292.07312129826636,10.10.2.6,10047,10.10.1.12,11111,51972.58686744816
292.07829785870695,10.10.2.6,10179,10.10.1.1,11153,40473425.332128435
292.1322437811072,10.10.2.6,10144,10.10.1.8,11026,6618.995620599727
292.1999411802144,10.10.2.6,10163,10.10.1.5,11183,3455.586274785628
292.20312550305977,10.10.2.6,10070,10.10.1.8,11172,18717.8409231583
292.22936210235093,10.10.2.6,10126,10.10.1.10,11078,4835.27736688717
292.4145033643688,10.10.2.6,10106,10.10.1.16,11062,20413.45986826112
292.57517778240793,10.10.2.6,10186,10.10.1.11,11069,8604.21288496885
292.66292041708505,10.10.2.6,10005,10.10.1.1,11001,9792.453425647764
292.68224970986574,10.10.2.6,10198,10.10.1.13,11020,124266.16072827668
292.725919067986,10.10.2.6,10133,10.10.1.15,11032,81856.59893634354
292.85792642730513,10.10.2.6,10022,10.10.1.2,11146,1952.3309590078425
292.99393440697816,10.10.2.6,10059,10.10.1.9,11099,4888556.2047730535
293.14414126819105,10.10.2.6,10110,10.10.1.7,11087,2150.468458710626
293.27116235750543,10.10.2.6,10188,10.10.1.2,11158,44497108.06853697
293.3079315129773,10.10.2.6,10028,10.10.1.14,11090,573524.8942478389
293.309487741085,10.10.2.6,10138,10.10.1.15,11194,47016.576847490425
293.43824783500963,10.10.2.6,10163,10.10.1.14,11131,6589.825655821418
293.45779736418814,10.10.2.6,10130,10.10.1.15,11062,8667.76715938179
293.52297354669946,10.10.2.6,10027,10.10.1.11,11106,11581.878941717183
293.6712193051008,10.10.2.6,10028,10.10.1.14,11079,3452.5420914230076
293.8065883929026,10.10.2.6,10126,10.10.1.15,11027,2449.3902144316567
293.84399639240786,10.10.2.6,10071,10.10.1.16,11087,3091.9767844294183
293.93893231582854,10.10.2.6,10116,10.10.1.15,11176,21185.87978569706
293.9466978080369,10.10.2.6,10163,10.10.1.15,11110,6018.009753742784
293.97375091861204,10.10.2.6,10161,10.10.1.7,11144,5334050.209409857
294.0140224777844,10.10.2.6,10019,10.10.1.1,11012,72855.40088082301
294.17232894885313,10.10.2.6,10026,10.10.1.11,11165,91776052.58306459
294.22295197153903,10.10.2.6,10166,10.10.1.4,11048,33186.00896404279
294.23640102781826,10.10.2.6,10106,10.10.1.9,11133,6902.623606300244
294.639581581475,10.10.2.6,10083,10.10.1.6,11033,18676.738922456334
294.6651970959189,10.10.2.6,10088,10.10.1.16,11140,32091.98665126267
294.70675934912197,10.10.2.6,10145,10.10.1.8,11005,72051667.07361843
294.71608238336324,10.10.2.6,10068,10.10.1.10,11078,8378.67891967623
294.7511655773064,10.10.2.6,10005,10.10.1.4,11138,19520.2239271916
294.7608787651679,10.10.2.6,10164,10.10.1.15,11068,447658.327273738
294.80627005504493,10.10.2.6,10080,10.10.1.1,11182,5274.065417249579
294.80803039113835,10.10.2.6,10096,10.10.1.16,11178,6032.749797037421
295.2504621901559,10.10.2.6,10072,10.10.1.16,11038,31531.838636409826
295.32277264829656,10.10.2.6,10157,10.10.1.12,11090,15164.039499762428
295.3574358169179,10.10.2.6,10068,10.10.1.10,11016,6569.664592168693
295.8179187157756,10.10.2.6,10084,10.10.1.4,11184,3274.705214611376
295.94466391408326,10.10.2.6,10141,10.10.1.1,11160,26936.4664932769
296.1537316946786,10.10.2.6,10175,10.10.1.1,11195,15794.953203104647
296.163002388593,10.10.2.6,10048,10.10.1.16,11179,46024.49451526611
296.1895624848527,10.10.2.6,10078,10.10.1.12,11068,61829.249148428586
296.2216679267769,10.10.2.6,10057,10.10.1.8,11048,15641.515738449223
296.3436119339746,10.10.2.6,10096,10.10.1.6,11162,4430400.0971216075
296.4050591060095,10.10.2.6,10076,10.10.1.5,11141,2336.1245447708775
296.4937641565756,10.10.2.6,10159,10.10.1.16,11101,2133.567337327712
296.5407201906143,10.10.2.6,10152,10.10.1.16,11098,21788.075801344417
296.54756255662693,10.10.2.6,10062,10.10.1.3,11193,4960.964713098695
296.6850603978212,10.10.2.6,10069,10.10.1.10,11172,3090.1164853894875
296.8207531433349,10.10.2.6,10005,10.10.1.8,11083,1212208639.8676434
296.84153993413355,10.10.2.6,10062,10.10.1.10,11167,23421.82757896468
296.9485730860243,10.10.2.6,10173,10.10.1.7,11098,3492.578781495553
296.9760378129778,10.10.2.6,10131,10.10.1.8,11136,3313.423965618469
296.996649579505,10.10.2.6,10060,10.10.1.4,11084,9767.496327962659
297.14228765740864,10.10.2.6,10107,10.10.1.4,11007,12137.422071856161
297.31387552615143,10.10.2.6,10141,10.10.1.12,11094,30982.909188620877
297.45948592367085,10.10.2.6,10177,10.10.1.15,11091,1753.8560972599232
297.56249541192585,10.10.2.6,10177,10.10.1.11,11151,3110.1928767666313
297.6047711308146,10.10.2.6,10092,10.10.1.7,11144,9830.622004201017
297.702148408869,10.10.2.6,10026,10.10.1.10,11024,1614.2339536715863
297.8787980487554,10.10.2.6,10082,10.10.1.1,11004,10753582135.987432
298.0606689792988,10.10.2.6,10104,10.10.1.16,11042,42640161.917325914
298.1232436692347,10.10.2.6,10182,10.10.1.7,11027,35170.34496291935
298.17979398384455,10.10.2.6,10060,10.10.1.8,11110,30607.411204121883
298.1838088731408,10.10.2.6,10114,10.10.1.7,11168,15717.087289621031
298.34021817956045,10.10.2.6,10099,10.10.1.7,11183,35139.827979953385
298.34271958570986,10.10.2.6,10104,10.10.1.3,11018,30937.073147736544
298.35346782227884,10.10.2.6,10113,10.10.1.2,11074,1592.5393131834333
298.3643555327934,10.10.2.6,10150,10.10.1.1,11141,4154485.1231468082
298.3903790231128,10.10.2.6,10064,10.10.1.13,11113,3836590.12473751
298.487528835699,10.10.2.6,10098,10.10.1.4,11180,4483156.43938311
298.50583683101297,10.10.2.6,10118,10.10.1.12,11014,1563.223009335763
298.5756925815958,10.10.2.6,10109,10.10.1.16,11183,3806.3878057168413
298.668786984277,10.10.2.6,10009,10.10.1.1,11094,9014.17547262947
298.690076337238,10.10.2.6,10164,10.10.1.12,11058,6129956770.137313
298.7626579501002,10.10.2.6,10091,10.10.1.2,11175,5439.794104519725
298.83700760381913,10.10.2.6,10083,10.10.1.16,11157,37145.92278763667
298.9278967331377,10.10.2.6,10056,10.10.1.6,11122,3600.020377819657
299.0558941621754,10.10.2.6,10013,10.10.1.12,11143,2558.7766205402713
299.3387561041792,10.10.2.6,10139,10.10.1.8,11090,594840.4660907438
299.3787646092962,10.10.2.6,10178,10.10.1.9,11137,1852.590352913459
299.41773838746286,10.10.2.6,10103,10.10.1.11,11001,49943.76959388707
299.7774266593133,10.10.2.6,10041,10.10.1.14,11090,3165.772040501881
299.97952226968584,10.10.2.6,10079,10.10.1.12,11037,24345.670801925244
300.40090175614216,10.10.2.6,10029,10.10.1.13,11146,4426.166109335754
300.5369973367239,10.10.2.6,10156,10.10.1.4,11034,38382.859229233276
300.7450140827729,10.10.2.6,10085,10.10.1.2,11105,2712.520098845117
300.7488245264957,10.10.2.6,10180,10.10.1.16,11176,7410.880478470539
300.8431050870467,10.10.2.6,10118,10.10.1.1,11085,18048.529121308882
301.173423268605,10.10.2.6,10018,10.10.1.6,11190,2182.8792304421486
301.2158601355052,10.10.2.6,10156,10.10.1.12,11037,38381.49180317052
301.3523127367483,10.10.2.6,10133,10.10.1.1,11177,64171.432905922804
301.394717561912,10.10.2.6,10114,10.10.1.4,11180,4177.089220193079
301.5371718184152,10.10.2.6,10044,10.10.1.10,11052,22638.98023749213
301.54304393803193,10.10.2.6,10180,10.10.1.6,11135,53859.66478890494
301.6119365034936,10.10.2.6,10028,10.10.1.12,11131,6584.305703373241
301.6348030941973,10.10.2.6,10170,10.10.1.10,11010,7659.518097989776
301.7187152767012,10.10.2.6,10153,10.10.1.16,11042,2215.9898020072546
301.8661542683787,10.10.2.6,10124,10.10.1.9,11002,44725809.38306766
302.0122198390702,10.10.2.6,10176,10.10.1.7,11094,48657.82506085729
302.0232449042149,10.10.2.6,10032,10.10.1.8,11008,1789.3626043577642
302.16415414622384,10.10.2.6,10072,10.10.1.11,11131,3116.452528333203
302.2312136491142,10.10.2.6,10010,10.10.1.8,11062,40697498.20636648
302.23789982980315,10.10.2.6,10157,10.10.1.11,11038,36462.54386265355
302.2679637562469,10.10.2.6,10143,10.10.1.14,11094,1600.9273121625854
302.3734720614477,10.10.2.6,10174,10.10.1.5,11196,3780258.3210607367
302.3875321411581,10.10.2.6,10088,10.10.1.6,11180,4712822.639757385
302.425732260981,10.10.2.6,10030,10.10.1.4,11097,24980.723170504574
302.5698392197498,10.10.2.6,10171,10.10.1.13,11118,126629746.24131352
302.7469875584489,10.10.2.6,10057,10.10.1.8,11119,65047.21722846034
302.74820525469534,10.10.2.6,10128,10.10.1.5,11143,18085.12929537086
302.8002104371247,10.10.2.6,10140,10.10.1.11,11125,6243.199004841872
302.8010240500579,10.10.2.6,10119,10.10.1.13,11171,108340.16538116129
303.01877396344486,10.10.2.6,10001,10.10.1.8,11025,103316.35422882928
303.0384233718296,10.10.2.6,10150,10.10.1.6,11062,5080.397985045914
303.19277320444706,10.10.2.6,10012,10.10.1.2,11013,2066.8755423526727
303.30690029175844,10.10.2.6,10087,10.10.1.12,11143,10103.224423274685
303.3470993437652,10.10.2.6,10101,10.10.1.1,11086,6127278.217109509
303.48410804718185,10.10.2.6,10086,10.10.1.8,11131,75537.72350843319
303.61593012284345,10.10.2.6,10103,10.10.1.14,11198,81234.70643933742
303.7892633489738,10.10.2.6,10134,10.10.1.5,11004,2238.076167039397
303.8365643373899,10.10.2.6,10074,10.10.1.15,11068,94213788.89630161
303.9138431770827,10.10.2.6,10110,10.10.1.11,11034,17642.785481471583
303.9288622549759,10.10.2.6,10081,10.10.1.14,11078,1840.7240489301585
304.08407008289254,10.10.2.6,10094,10.10.1.14,11033,3004.7913158594533
304.10333317392696,10.10.2.6,10072,10.10.1.3,11153,3690.4430885356305
304.15743673518364,10.10.2.6,10198,10.10.1.9,11095,4358307.0498651685
304.17110978329646,10.10.2.6,10071,10.10.1.12,11135,22653.00112417894
304.356809359996,10.10.2.6,10052,10.10.1.10,11135,77627.96153414529
304.66464618561963,10.10.2.6,10151,10.10.1.10,11035,4275479.273940087
304.7059475639472,10.10.2.6,10084,10.10.1.10,11023,34122.92274693922
304.71797348234037,10.10.2.6,10096,10.10.1.12,11091,43121193.42066012
305.17030176476334,10.10.2.6,10043,10.10.1.14,11016,4628.306789506314
305.2242807146581,10.10.2.6,10104,10.10.1.12,11189,27525.675241028497
305.284653991678,10.10.2.6,10108,10.10.1.1,11145,1581.9809211142954
305.3231728000616,10.10.2.6,10055,10.10.1.14,11174,23254.785977164123
305.47284728571833,10.10.2.6,10072,10.10.1.5,11039,3227.5231602403223
305.5028795123149,10.10.2.6,10143,10.10.1.6,11155,1718.4944061945296
305.6449632604402,10.10.2.6,10094,10.10.1.15,11125,7641.834958520972
305.64888673145276,10.10.2.6,10134,10.10.1.2,11087,54646.7501915563
305.698914559347,10.10.2.6,10179,10.10.1.3,11127,65800.45868270658
306.1352379378305,10.10.2.6,10008,10.10.1.2,11031,31411.11765131809
306.21659541879524,10.10.2.6,10030,10.10.1.9,11083,50631.11180274234
306.5591572717047,10.10.2.6,10007,10.10.1.8,11024,35118.861186349655
306.68881769865243,10.10.2.6,10034,10.10.1.4,11033,39421.057937324884
306.69518801535673,10.10.2.6,10049,10.10.1.2,11143,8348.175114219554
306.94394091510173,10.10.2.6,10091,10.10.1.16,11000,7825.501579466813
307.04995700123413,10.10.2.6,10165,10.10.1.6,11077,30754.10628480328
307.06995114988996,10.10.2.6,10137,10.10.1.3,11053,23911.338495022508
307.08982328019573,10.10.2.6,10021,10.10.1.9,11045,2407.0304833137266
307.4181547127737,10.10.2.6,10042,10.10.1.16,11027,24673.2741340599
307.43248531040564,10.10.2.6,10011,10.10.1.8,11028,15460.432438070082
307.44144272632803,10.10.2.6,10174,10.10.1.11,11067,22731.727173406183
307.4516139885726,10.10.2.6,10137,10.10.1.10,11164,1213416785.7781951
307.46283521913966,10.10.2.6,10008,10.10.1.12,11164,2302.1243597036273
307.62731340331214,10.10.2.6,10196,10.10.1.9,11080,7186.172851585129
307.6873781942603,10.10.2.6,10105,10.10.1.10,11095,32294.507946926522
307.7861503434211,10.10.2.6,10152,10.10.1.1,11125,2217.283321765435
307.89698632729403,10.10.2.6,10129,10.10.1.6,11148,48539.48566733523
307.9486628465284,10.10.2.6,10017,10.10.1.3,11154,561033.9238555006
308.0232928733507,10.10.2.6,10157,10.10.1.12,11134,4096.637728318715
308.2537204847004,10.10.2.6,10117,10.10.1.12,11140,3923434539.1247993
308.2634959901805,10.10.2.6,10044,10.10.1.8,11055,16339.624781538068
308.41776981030415,10.10.2.6,10190,10.10.1.9,11144,4831.187057504541
308.742796967276,10.10.2.6,10104,10.10.1.2,11098,6193.784383791643
309.04082500726986,10.10.2.6,10114,10.10.1.4,11023,4578.576224937562
309.15030735425455,10.10.2.6,10170,10.10.1.16,11165,1759.0354015109162
309.2092209911245,10.10.2.6,10116,10.10.1.7,11044,48605.11901865
309.28015598612467,10.10.2.6,10071,10.10.1.7,11100,3065.868531189522
309.4395565387942,10.10.2.6,10065,10.10.1.5,11097,2479.263955099465
309.58241931078885,10.10.2.6,10011,10.10.1.8,11060,4082.1482765376486
309.5891974547326,10.10.2.6,10075,10.10.1.3,11157,3584.224173711249
309.6686628750811,10.10.2.6,10078,10.10.1.15,11112,84218.95507926052
309.9847315900277,10.10.2.6,10102,10.10.1.1,11062,8007.308648482424
310.0691505383408,10.10.2.6,10145,10.10.1.9,11069,40221478.711288154
310.10081412979844,10.10.2.6,10010,10.10.1.14,11167,4064926.514066578
310.20354331247916,10.10.2.6,10142,10.10.1.10,11159,2488.6914015935777
310.25005288936256,10.10.2.6,10043,10.10.1.7,11174,100670.83378544557
310.2789691286789,10.10.2.6,10037,10.10.1.12,11019,9698.49298604524
310.3270446061184,10.10.2.6,10016,10.10.1.9,11190,2252.9130877034654
310.40705219912064,10.10.2.6,10023,10.10.1.12,11077,47172397.677759185
310.4949199204086,10.10.2.6,10073,10.10.1.6,11041,15455.845530095872
310.53642031876717,10.10.2.6,10172,10.10.1.6,11110,3562.483788336378
310.66998151326567,10.10.2.6,10122,10.10.1.7,11177,146331546.44515514
310.6780053543801,10.10.2.6,10137,10.10.1.10,11166,3929.5048157169526
310.72476867734895,10.10.2.6,10089,10.10.1.7,11064,42349233.27208971
310.83707479024275,10.10.2.6,10020,10.10.1.4,11020,17250.82222064986
311.1285783884563,10.10.2.6,10054,10.10.1.3,11033,4019962.089866773
311.15429302788215,10.10.2.6,10045,10.10.1.3,11016,22454.822099192672
311.29814051486017,10.10.2.6,10164,10.10.1.7,11062,3723.724744861793
311.3176211798625,10.10.2.6,10052,10.10.1.13,11122,8056.512919915225
311.3532133902918,10.10.2.6,10088,10.10.1.3,11121,45872.203623515605
311.378809568246,10.10.2.6,10048,10.10.1.10,11155,7213.2044161828935
311.4566893493462,10.10.2.6,10023,10.10.1.15,11142,16843.718234298838
311.65595690758784,10.10.2.6,10189,10.10.1.7,11007,6365.788322394328
311.6619184176514,10.10.2.6,10182,10.10.1.5,11186,1633.874587128948
311.8397796716139,10.10.2.6,10105,10.10.1.7,11002,2799.786532211937
312.03420894159825,10.10.2.6,10067,10.10.1.2,11047,41046.90880704344
312.06029574722305,10.10.2.6,10080,10.10.1.16,11021,72780.73055979943
312.08759026391004,10.10.2.6,10067,10.10.1.9,11014,42360936.27595455
312.49037664846094,10.10.2.6,10102,10.10.1.10,11108,35551.6165681966
312.55422123882636,10.10.2.6,10186,10.10.1.8,11075,24357.45422042421
312.5959911226046,10.10.2.6,10090,10.10.1.16,11157,20808.4121799315
312.6489580651372,10.10.2.6,10073,10.10.1.14,11184,24913.103014751898
312.664016591771,10.10.2.6,10036,10.10.1.4,11042,9954.081139270545
312.85329343200056,10.10.2.6,10167,10.10.1.9,11030,2139.8961193385608
312.9632750401797,10.10.2.6,10190,10.10.1.4,11056,5355.282318445523
313.05263554892537,10.10.2.6,10089,10.10.1.7,11080,1925.2858116173834
313.26692246214384,10.10.2.6,10144,10.10.1.1,11063,23118.047550227944
313.29073984605964,10.10.2.6,10013,10.10.1.6,11059,1181598221.1779976
313.45090574693506,10.10.2.6,10019,10.10.1.4,11198,23937.920635031296
313.5321768342243,10.10.2.6,10066,10.10.1.5,11136,1566.2232909061636
313.5413559152103,10.10.2.6,10007,10.10.1.6,11094,114241.89845994723
313.5679457921999,10.10.2.6,10150,10.10.1.9,11039,17195.30845175642
313.6107400550104,10.10.2.6,10016,10.10.1.10,11121,15463.493017921364
313.68590356403934,10.10.2.6,10083,10.10.1.8,11074,55996.384597326614
313.8510430484591,10.10.2.6,10090,10.10.1.12,11137,1809.884162498176
314.00228935736556,10.10.2.6,10141,10.10.1.11,11124,2491.038272442308
314.07809520769786,10.10.2.6,10108,10.10.1.6,11001,145058778.8263181
314.1234961358469,10.10.2.6,10136,10.10.1.11,11086,8259.809444256209
314.20156284522915,10.10.2.6,10055,10.10.1.14,11079,5220886027.472776
314.5227364680199,10.10.2.6,10131,10.10.1.13,11167,18001.38654622425
314.589182184258,10.10.2.6,10047,10.10.1.1,11072,44265194.10111228
314.72395648780787,10.10.2.6,10029,10.10.1.2,11112,5206841.108608411
314.88105859593503,10.10.2.6,10156,10.10.1.6,11007,30954.035673591075
314.961859565265,10.10.2.6,10117,10.10.1.1,11166,4961.242804035987
315.021543481386,10.10.2.6,10193,10.10.1.15,11133,36523.9697137912
315.0240444020478,10.10.2.6,10170,10.10.1.10,11057,33678943.95506136
315.08274971321,10.10.2.6,10085,10.10.1.14,11146,1743.2467829323873
315.08518938132374,10.10.2.6,10063,10.10.1.4,11086,4777.920516518087
315.133666839923,10.10.2.6,10090,10.10.1.16,11103,3607.1310225336792
315.30957530434546,10.10.2.6,10075,10.10.1.15,11096,41869571.499268085
315.49651027800707,10.10.2.6,10040,10.10.1.13,11054,21333.442042998286
315.52030559786164,10.10.2.6,10048,10.10.1.12,11061,10254646.770773372
315.5508505607755,10.10.2.6,10054,10.10.1.7,11155,9942.461494121402
315.56861667946396,10.10.2.6,10019,10.10.1.2,11069,2404.4874102916647
315.61400048423025,10.10.2.6,10052,10.10.1.7,11197,40200.99468628093
315.6998026883144,10.10.2.6,10136,10.10.1.15,11188,48952.88354157114
315.71818820898596,10.10.2.6,10042,10.10.1.9,11101,18875.10307262329
315.8803962534713,10.10.2.6,10169,10.10.1.2,11107,30939707.475219835
315.94992547780384,10.10.2.6,10073,10.10.1.10,11162,5382.291477364256
315.97177409554035,10.10.2.6,10005,10.10.1.1,11127,1071217455.4626142
316.0681038005524,10.10.2.6,10179,10.10.1.3,11077,5148.155686243601
316.3035753619795,10.10.2.6,10089,10.10.1.15,11046,6684.96203020728
316.5209926468118,10.10.2.6,10118,10.10.1.1,11021,1598.9197708987635
316.5709027502049,10.10.2.6,10185,10.10.1.11,11126,17688.646533899286
316.5968909540819,10.10.2.6,10189,10.10.1.10,11052,1638.248628327929
316.84206479948654,10.10.2.6,10021,10.10.1.6,11032,32817.07301201553
316.84673373940046,10.10.2.6,10105,10.10.1.7,11196,2814.8110117259607
316.93968040141493,10.10.2.6,10160,10.10.1.13,11196,6750.744084323574
316.9956794503801,10.10.2.6,10086,10.10.1.12,11031,30654363.710016306
317.0431710728854,10.10.2.6,10004,10.10.1.15,11144,76017.15997668897
317.14981153860833,10.10.2.6,10002,10.10.1.8,11038,2428.3691333206516
317.15138889752575,10.10.2.6,10146,10.10.1.16,11132,107097.97710474361
317.31054529848296,10.10.2.6,10003,10.10.1.1,11096,4970.070215001072
317.3465439342368,10.10.2.6,10159,10.10.1.2,11001,119399.5114153304
317.3811795466714,10.10.2.6,10050,10.10.1.15,11191,16594.685104381377
317.402611733661,10.10.2.6,10047,10.10.1.13,11018,45331.01652321703
317.5035809170777,10.10.2.6,10071,10.10.1.12,11175,3176.0008953543725
317.52260796853597,10.10.2.6,10182,10.10.1.10,11061,2342.4430680141872
317.57064489784545,10.10.2.6,10136,10.10.1.2,11084,5560272.465727618
317.60504956112607,10.10.2.6,10087,10.10.1.11,11105,5349244.944039538
317.7342360244397,10.10.2.6,10146,10.10.1.11,11021,64481.29893920845
317.80538782035285,10.10.2.6,10188,10.10.1.9,11067,6048682.66415582
318.12310903125996,10.10.2.6,10055,10.10.1.4,11110,8927.828841951261
318.13628493535975,10.10.2.6,10037,10.10.1.6,11061,2368.380964176155
318.2413070954124,10.10.2.6,10113,10.10.1.10,11117,91147305.76369198
318.2607363574067,10.10.2.6,10006,10.10.1.13,11026,2074.5654726818725
318.2812446380157,10.10.2.6,10062,10.10.1.12,11108,18890.6501120995
318.3766288174423,10.10.2.6,10003,10.10.1.4,11000,95130.06855094881
318.49828641738236,10.10.2.6,10193,10.10.1.12,11028,45971.58794381937
318.5116679325993,10.10.2.6,10095,10.10.1.1,11140,3802227452.34292
318.652256437999,10.10.2.6,10061,10.10.1.3,11013,2520.1267467473754
318.65406239739934,10.10.2.6,10074,10.10.1.2,11087,33860.66066436383
318.70624245329464,10.10.2.6,10116,10.10.1.13,11072,2335.9032119995277
318.7225360829622,10.10.2.6,10092,10.10.1.3,11086,29248.6684648458
318.8880826120417,10.10.2.6,10037,10.10.1.6,11058,6192871.0766899735
318.9384426772241,10.10.2.6,10172,10.10.1.10,11140,2439.3946561913826
319.23430069278146,10.10.2.6,10135,10.10.1.4,11198,48289.62930369168
319.256906635492,10.10.2.6,10116,10.10.1.1,11045,24823.724185891817
319.4219654696441,10.10.2.6,10181,10.10.1.12,11142,17218.79261913758
319.4545608892945,10.10.2.6,10014,10.10.1.16,11145,62583.27894483838
319.5016180452559,10.10.2.6,10126,10.10.1.7,11037,3487.813936570609
319.5457589232017,10.10.2.6,10184,10.10.1.1,11130,9533.734383643874
319.61067219980777,10.10.2.6,10028,10.10.1.1,11003,12467.32777983571
319.800769271874,10.10.2.6,10014,10.10.1.11,11121,5176.341983233657
319.8131041734198,10.10.2.6,10191,10.10.1.3,11073,4363758.952274928
319.83868264782143,10.10.2.6,10172,10.10.1.2,11114,3387.082815523167
319.8937576663884,10.10.2.6,10077,10.10.1.9,11133,12083.718636174659
320.01995008503155,10.10.2.6,10029,10.10.1.2,11189,74705.08024771402
320.08929218114355,10.10.2.6,10003,10.10.1.7,11073,4876.848335770737
320.44104235374755,10.10.2.6,10182,10.10.1.1,11044,113041346.39172208
320.44357499789663,10.10.2.6,10094,10.10.1.7,11079,19443.030965381415
320.5036746512558,10.10.2.6,10051,10.10.1.16,11091,5045739.83019071
320.6584920419092,10.10.2.6,10161,10.10.1.4,11007,3069.787310896644
320.6683133654636,10.10.2.6,10002,10.10.1.12,11031,4215.598139557582
320.6971489521007,10.10.2.6,10154,10.10.1.15,11171,2091.854984097608
320.71345269147224,10.10.2.6,10145,10.10.1.16,11007,6109.973939862282
320.91137700653115,10.10.2.6,10128,10.10.1.13,11090,3871929.944738416
321.2653780160539,10.10.2.6,10126,10.10.1.4,11039,104355.75113101305
321.2809544197544,10.10.2.6,10070,10.10.1.6,11052,4989.2627067336725
321.36276521181316,10.10.2.6,10067,10.10.1.7,11161,48864512.22925967
321.4519767229569,10.10.2.6,10089,10.10.1.4,11083,5494900.395510761
321.4998459122378,10.10.2.6,10135,10.10.1.6,11182,3987.746179617274
321.51810489446876,10.10.2.6,10125,10.10.1.6,11087,22686.047894833137
321.53897676913454,10.10.2.6,10101,10.10.1.9,11015,3973.1878692358873
321.57371098996987,10.10.2.6,10124,10.10.1.16,11175,2151.393406585396
321.59557957814445,10.10.2.6,10160,10.10.1.11,11185,5243967.209031722
321.71081514263784,10.10.2.6,10117,10.10.1.10,11053,5910.726444388227
321.8109292113282,10.10.2.6,10155,10.10.1.12,11137,6308.33401246349
321.84305540183794,10.10.2.6,10121,10.10.1.1,11101,12196.187093654436
321.9293025185602,10.10.2.6,10073,10.10.1.2,11177,3991.1906139777343
321.9396000467674,10.10.2.6,10088,10.10.1.3,11185,5502055.784224311
321.97257282476966,10.10.2.6,10198,10.10.1.13,11061,1683.8132151089878
322.0426857915247,10.10.2.6,10048,10.10.1.1,11156,11727.617975954738
322.1490556039253,10.10.2.6,10101,10.10.1.12,11143,5415.0936511446935
322.1659461297029,10.10.2.6,10168,10.10.1.14,11170,7746.662630501057
322.23553612964974,10.10.2.6,10086,10.10.1.2,11100,20739.50807144612
322.34527763868635,10.10.2.6,10151,10.10.1.6,11157,36216954.63213666
322.35621877332625,10.10.2.6,10022,10.10.1.12,11034,19307.858098116165
322.55823050916325,10.10.2.6,10166,10.10.1.4,11065,140679517.88854644
322.69084213341,10.10.2.6,10082,10.10.1.8,11078,901923879.649307
322.7187223087106,10.10.2.6,10095,10.10.1.5,11067,1387490048.1612833
322.7478526497638,10.10.2.6,10096,10.10.1.2,11020,1332021200.9702377
322.8505226879341,10.10.2.6,10080,10.10.1.6,11136,5541288001.573012
322.8540687463948,10.10.2.6,10162,10.10.1.1,11038,16186.491869006188
323.0802052763688,10.10.2.6,10038,10.10.1.12,11069,46641.46695121322
323.0803883784856,10.10.2.6,10198,10.10.1.2,11106,49286.100116551024
323.2426161011165,10.10.2.6,10044,10.10.1.3,11189,22298.362928605125
323.293200302886,10.10.2.6,10058,10.10.1.16,11175,5319542.526580329
323.3023735510042,10.10.2.6,10039,10.10.1.15,11048,5119095475.185671
323.35485638126494,10.10.2.6,10170,10.10.1.5,11004,45610.801838272244
323.3979107527395,10.10.2.6,10140,10.10.1.13,11175,9559.164205788971
323.4269955273054,10.10.2.6,10043,10.10.1.4,11158,10652.672611182365
323.4303251212159,10.10.2.6,10102,10.10.1.16,11029,6647.551998609228
323.43076925540964,10.10.2.6,10000,10.10.1.11,11116,21000.798550799376
323.44614636586874,10.10.2.6,10133,10.10.1.5,11045,7006.340145486454
323.5824295736554,10.10.2.6,10093,10.10.1.13,11000,6551.500750107763
323.6645499678269,10.10.2.6,10052,10.10.1.1,11197,74663.22122150622
323.84795906020787,10.10.2.6,10148,10.10.1.1,11039,12107.46049153432
323.9806813351012,10.10.2.6,10090,10.10.1.14,11128,60030.30554490672
324.0007183893372,10.10.2.6,10050,10.10.1.10,11180,45205180.80072464
324.06140485384924,10.10.2.6,10054,10.10.1.3,11178,16250.067566282394
324.19417479430547,10.10.2.6,10018,10.10.1.5,11192,41799.76367340879
324.2596176167122,10.10.2.6,10037,10.10.1.1,11021,36687.765527818556
324.40583533810246,10.10.2.6,10176,10.10.1.1,11035,51438.3684741438
324.4374923986353,10.10.2.6,10183,10.10.1.4,11099,1782.6751768660645
324.7862639216382,10.10.2.6,10069,10.10.1.6,11165,23619.282588165293
324.97598969328897,10.10.2.6,10125,10.10.1.5,11120,2235.440735255111
325.1679033963022,10.10.2.6,10056,10.10.1.6,11006,6060.992882901888
325.20193326572394,10.10.2.6,10133,10.10.1.10,11092,41120.69216696725
325.203613709013,10.10.2.6,10001,10.10.1.16,11147,115523.74752577825
325.31045492217004,10.10.2.6,10059,10.10.1.14,11192,1497261941.123529
325.6349580394787,10.10.2.6,10188,10.10.1.7,11104,2083.2053322148663
325.6864668488628,10.10.2.6,10127,10.10.1.12,11060,4427.689334700709
325.8463073246106,10.10.2.6,10149,10.10.1.9,11013,4855427.326627181
326.17494318915413,10.10.2.6,10152,10.10.1.14,11126,48322.70635205455
326.3267321891515,10.10.2.6,10073,10.10.1.11,11005,9936.812823832275
326.36937337020765,10.10.2.6,10054,10.10.1.8,11065,4784014.5278353365
326.3862177847944,10.10.2.6,10119,10.10.1.16,11035,40210.878596999864
326.536270722492,10.10.2.6,10098,10.10.1.6,11040,1470384914.9617743
326.83288128892843,10.10.2.6,10191,10.10.1.7,11120,6607.108406563845
326.9526956221696,10.10.2.6,10021,10.10.1.4,11193,3151.445067452154
326.9991435528203,10.10.2.6,10176,10.10.1.16,11057,2232.868882724287
327.01572709392605,10.10.2.6,10152,10.10.1.12,11158,2357.788074176594
327.01680604879255,10.10.2.6,10076,10.10.1.5,11198,12163394.962727722
327.15181482468904,10.10.2.6,10013,10.10.1.15,11197,4929.990491613911
327.15930224320914,10.10.2.6,10116,10.10.1.6,11046,9238.835733596017
327.2505638458572,10.10.2.6,10024,10.10.1.8,11194,91331.01032612687
327.45225051757785,10.10.2.6,10139,10.10.1.5,11099,3588.9694038556922
327.4633216858503,10.10.2.6,10181,10.10.1.6,11092,95364.90863509776
327.7120096768825,10.10.2.6,10027,10.10.1.5,11084,54490.411823382165
327.754458103115,10.10.2.6,10125,10.10.1.3,11156,1610.1840639262696
327.9066977199987,10.10.2.6,10112,10.10.1.14,11196,12000462.140503569
327.99013672333405,10.10.2.6,10085,10.10.1.9,11190,5182.796162693204
327.99191700548414,10.10.2.6,10106,10.10.1.13,11040,2362.6323222832993
328.0080311867214,10.10.2.6,10059,10.10.1.15,11047,15071.104467894416
328.02255176232603,10.10.2.6,10003,10.10.1.4,11022,609869.6539667621
328.22803299609893,10.10.2.6,10165,10.10.1.5,11074,34307.014428239505
328.409609851085,10.10.2.6,10155,10.10.1.11,11013,1679.3122724435184
328.42725347157614,10.10.2.6,10088,10.10.1.15,11034,4925953.902493198
328.54735536287257,10.10.2.6,10090,10.10.1.7,11153,118668.97235853218
328.5498435278988,10.10.2.6,10091,10.10.1.7,11039,1113761.8581471927
328.5848389709039,10.10.2.6,10193,10.10.1.12,11095,46191.9407713907
328.58727952314786,10.10.2.6,10019,10.10.1.3,11108,31594.88373382934
328.93022844993806,10.10.2.6,10152,10.10.1.3,11000,11959.578366796637
328.9421608578816,10.10.2.6,10065,10.10.1.8,11084,94256.15145140247
328.9723427122431,10.10.2.6,10091,10.10.1.14,11159,752353.3425564996
328.97913883054844,10.10.2.6,10193,10.10.1.6,11053,45021697.79121883
329.03919396911346,10.10.2.6,10156,10.10.1.15,11035,35328.75074073852
329.1485627425296,10.10.2.6,10168,10.10.1.11,11094,9873.38343524271
329.153398156365,10.10.2.6,10014,10.10.1.15,11003,7073.828275195181
329.3308392810112,10.10.2.6,10179,10.10.1.10,11026,28200.159504192587
329.3959557850157,10.10.2.6,10135,10.10.1.3,11124,7482.6579843074815
329.56776692367566,10.10.2.6,10117,10.10.1.7,11151,1563.9028566889588
329.7628168779656,10.10.2.6,10113,10.10.1.14,11119,10635.828867123024
329.8407321786214,10.10.2.6,10143,10.10.1.11,11180,74452.6680544685
329.840910981363,10.10.2.6,10011,10.10.1.6,11015,19964.999656654894
329.8778519109121,10.10.2.6,10182,10.10.1.16,11153,92865033.5134385
330.04440894618244,10.10.2.6,10144,10.10.1.11,11137,20092.720842196824
330.1442983737669,10.10.2.6,10043,10.10.1.6,11095,4836282.980962776
330.31905105254555,10.10.2.6,10072,10.10.1.1,11162,3184.8160128312556
330.3460314955187,10.10.2.6,10026,10.10.1.9,11083,41270435.22402067
330.3483726655584,10.10.2.6,10086,10.10.1.11,11042,1816104891.1633108
330.3655603429338,10.10.2.6,10125,10.10.1.4,11162,2259.89777447845
330.39295173526534,10.10.2.6,10090,10.10.1.7,11115,1642.3823775111666
330.45765369650053,10.10.2.6,10059,10.10.1.4,11157,2074.176191489393
330.5302615095423,10.10.2.6,10173,10.10.1.5,11062,48145.419040433095
330.5610369655964,10.10.2.6,10091,10.10.1.14,11166,89838.30667428518
330.6543277836549,10.10.2.6,10041,10.10.1.15,11135,2862.9848390749517
330.6773606896214,10.10.2.6,10116,10.10.1.11,11156,4859.86213048046
330.7499674467424,10.10.2.6,10155,10.10.1.13,11055,2033.863221276918
330.8086964810987,10.10.2.6,10037,10.10.1.9,11022,4354514.88801334
330.93233880305763,10.10.2.6,10042,10.10.1.1,11071,95264.77920233441
331.0889841552456,10.10.2.6,10110,10.10.1.4,11090,3958.8354389584692
331.1958487752369,10.10.2.6,10197,10.10.1.11,11198,3117.543315531278
331.21615663110396,10.10.2.6,10021,10.10.1.5,11049,4164899.737594253
331.5019499951661,10.10.2.6,10161,10.10.1.1,11034,40179.65034006308
331.5160206623553,10.10.2.6,10125,10.10.1.7,11086,18677.666956149667
331.5383472346192,10.10.2.6,10028,10.10.1.9,11191,4614.901738165182
331.57586094788905,10.10.2.6,10016,10.10.1.1,11148,51134.70478823724
331.7370758046199,10.10.2.6,10112,10.10.1.3,11017,24788.14869224134
331.8168326773055,10.10.2.6,10016,10.10.1.8,11185,7878.343180199516
332.0876787370657,10.10.2.6,10022,10.10.1.13,11004,4546809.518541996
332.0894200309928,10.10.2.6,10136,10.10.1.1,11158,44544653.10168606
332.2708715223272,10.10.2.6,10196,10.10.1.9,11090,5625.432961717331
332.29250439888443,10.10.2.6,10101,10.10.1.6,11176,8160.093363296571
332.4049856463754,10.10.2.6,10187,10.10.1.2,11026,24036.08881950682
332.4240518288366,10.10.2.6,10009,10.10.1.14,11137,89530.65665589235
332.4667269364411,10.10.2.6,10175,10.10.1.6,11024,7380.894931245594
332.5336313506837,10.10.2.6,10191,10.10.1.6,11078,225179.4280539749
332.7059680510188,10.10.2.6,10061,10.10.1.15,11166,8325.048584097627
332.77322358793697,10.10.2.6,10089,10.10.1.16,11088,5964.245966316559
332.8027558562232,10.10.2.6,10047,10.10.1.5,11155,41066.453127519395
332.8373664557994,10.10.2.6,10074,10.10.1.11,11096,57165.32640364979
332.85516807856715,10.10.2.6,10066,10.10.1.7,11138,1727.006186912085
332.9453885631227,10.10.2.6,10158,10.10.1.11,11122,66283.23265311038
332.9703142194648,10.10.2.6,10111,10.10.1.1,11106,3582.987251538651
332.9775332099791,10.10.2.6,10013,10.10.1.10,11133,7673.744192222256
332.9802875944917,10.10.2.6,10073,10.10.1.5,11137,5306371.15031553
332.9874622668981,10.10.2.6,10043,10.10.1.2,11053,33337513.674453717
333.01597378908934,10.10.2.6,10088,10.10.1.16,11079,1896.3119013685462
333.04280253168645,10.10.2.6,10015,10.10.1.5,11100,24490.93564839988
333.1249197433653,10.10.2.6,10032,10.10.1.11,11028,25117.4219133246
333.1992007677257,10.10.2.6,10093,10.10.1.16,11148,3375.612036221366
333.2451360624498,10.10.2.6,10052,10.10.1.2,11028,48065.78991563769
333.3048224321791,10.10.2.6,10048,10.10.1.5,11076,8405.406218281018
333.5031779360187,10.10.2.6,10109,10.10.1.5,11025,4919.136442392938
334.04160100492396,10.10.2.6,10055,10.10.1.1,11185,40187.4175980186
334.0505862229761,10.10.2.6,10027,10.10.1.9,11087,23073.574802086845
334.21331739327314,10.10.2.6,10170,10.10.1.14,11032,3509.0996109129105
334.27399503865064,10.10.2.6,10005,10.10.1.9,11053,48688.3993160939
334.33408464972587,10.10.2.6,10119,10.10.1.3,11189,6795.821073270941
334.46501891688007,10.10.2.6,10157,10.10.1.7,11063,142394534.66852695
334.48241444349907,10.10.2.6,10153,10.10.1.12,11178,111777.54022722912
334.50938738186613,10.10.2.6,10193,10.10.1.6,11101,927411242.9438927
334.684632089205,10.10.2.6,10122,10.10.1.11,11020,7883.4953547469095
334.68750436892765,10.10.2.6,10023,10.10.1.12,11025,27812.354184142903
334.84519510916755,10.10.2.6,10109,10.10.1.14,11186,3665.6295541477816
334.9547776785662,10.10.2.6,10052,10.10.1.5,11115,20959.632055533246
335.03427839349615,10.10.2.6,10064,10.10.1.4,11193,22838.779088177627
335.18388478829934,10.10.2.6,10091,10.10.1.6,11130,8639.228478368499
335.1923077237273,10.10.2.6,10114,10.10.1.15,11109,69100.99369993429
335.26904983761597,10.10.2.6,10181,10.10.1.14,11184,24447.60781057739
335.5298202272707,10.10.2.6,10177,10.10.1.16,11128,36385.2694780146
335.54177762345796,10.10.2.6,10188,10.10.1.15,11172,17659.61266744429
335.5573291812302,10.10.2.6,10064,10.10.1.11,11144,25060.419853690397
335.6539403231764,10.10.2.6,10118,10.10.1.11,11129,31640.140277042745
335.7864688710335,10.10.2.6,10070,10.10.1.4,11115,59568.74347965907
335.8190874771506,10.10.2.6,10086,10.10.1.3,11047,110600.97013076617
336.0379414232744,10.10.2.6,10129,10.10.1.8,11152,8678.939363131673
336.04704866192026,10.10.2.6,10195,10.10.1.4,11134,17385.60123497676
336.1059528780022,10.10.2.6,10025,10.10.1.12,11149,2744.3525175351465
336.1916441535363,10.10.2.6,10110,10.10.1.11,11145,37715.141336186236
336.25394022472034,10.10.2.6,10114,10.10.1.8,11098,3627.2110497116955
336.2806134180063,10.10.2.6,10123,10.10.1.15,11188,3045.0145857707766
336.5233023547291,10.10.2.6,10023,10.10.1.16,11025,3351.965731179454
336.60761775996724,10.10.2.6,10139,10.10.1.12,11058,6731.303163151517
336.6983640052777,10.10.2.6,10124,10.10.1.15,11046,3253.5188663880035
336.8346178910283,10.10.2.6,10070,10.10.1.4,11106,7028.308471523387
336.91304141761975,10.10.2.6,10080,10.10.1.7,11040,6002.959761356904
336.9300871097001,10.10.2.6,10020,10.10.1.13,11115,2923.3529316829477
337.0551364127211,10.10.2.6,10002,10.10.1.16,11032,2479.9056340265997
337.12808712076827,10.10.2.6,10116,10.10.1.14,11168,44279.72038076038
337.36788842355725,10.10.2.6,10185,10.10.1.13,11191,18272.283186611206
337.5477114973305,10.10.2.6,10083,10.10.1.16,11179,36184557.3091413
337.666864735803,10.10.2.6,10146,10.10.1.16,11186,94476.20803908257
337.75434107550507,10.10.2.6,10100,10.10.1.1,11057,43284991.1729952
337.75924936492515,10.10.2.6,10126,10.10.1.2,11109,11641.73598478327
337.8850774788008,10.10.2.6,10073,10.10.1.2,11030,4381.165195951487
337.92596622036115,10.10.2.6,10097,10.10.1.7,11103,5988.4991676196705
337.92907595760596,10.10.2.6,10069,10.10.1.15,11044,21080.24768937684
338.29446033723184,10.10.2.6,10105,10.10.1.15,11106,2250.7020201881064
338.62536516202823,10.10.2.6,10043,10.10.1.1,11042,96578.80480773617
338.6585709745689,10.10.2.6,10135,10.10.1.2,11072,37313.351050995945
338.7192745643843,10.10.2.6,10193,10.10.1.1,11069,22089.00169616448
338.78261870517883,10.10.2.6,10165,10.10.1.13,11049,56335.357707322975
338.83521490728555,10.10.2.6,10049,10.10.1.6,11049,21209.74915303658
338.8868243730965,10.10.2.6,10103,10.10.1.1,11113,28626.312335933388
338.99120219306525,10.10.2.6,10158,10.10.1.2,11078,38863.93232127533
339.0137318798411,10.10.2.6,10014,10.10.1.11,11185,118610.25306186017
339.041392590913,10.10.2.6,10190,10.10.1.12,11181,4481.505306699228
339.107327488647,10.10.2.6,10164,10.10.1.4,11125,134905877.00970203
339.14740583201655,10.10.2.6,10001,10.10.1.16,11011,4912.769203291834
339.1832337061809,10.10.2.6,10094,10.10.1.14,11139,458497.8869662049
339.19239579155635,10.10.2.6,10119,10.10.1.7,11016,4660697.123278138
339.26278533536697,10.10.2.6,10025,10.10.1.16,11117,2859.009709846519
339.2641072436921,10.10.2.6,10125,10.10.1.5,11188,47788.81788079503
339.36211289698275,10.10.2.6,10022,10.10.1.5,11194,784051.4451238455
339.6234056190735,10.10.2.6,10018,10.10.1.6,11134,77410432.34066452
339.80509807122354,10.10.2.6,10139,10.10.1.7,11059,12218.616125122808
339.94672751613837,10.10.2.6,10189,10.10.1.2,11054,50170.09734418177
340.10409713805166,10.10.2.6,10181,10.10.1.7,11193,2009.8015347174269
340.2201807692332,10.10.2.6,10088,10.10.1.14,11047,56731.74806136459
340.29754808979663,10.10.2.6,10145,10.10.1.4,11184,21376.451572370843
340.36319712133803,10.10.2.6,10074,10.10.1.10,11179,2117.46623904897
340.37602683908057,10.10.2.6,10118,10.10.1.14,11180,2829.7206923867093
340.3829070621708,10.10.2.6,10056,10.10.1.3,11042,2316.037030357463
340.57574782598084,10.10.2.6,10153,10.10.1.15,11060,7117.5971693787915
340.67253273556537,10.10.2.6,10037,10.10.1.2,11164,9158.968116889935
340.81948286241226,10.10.2.6,10115,10.10.1.16,11011,2358.870854406266
341.02083452640227,10.10.2.6,10165,10.10.1.14,11066,4916.963267254522
341.1826905680216,10.10.2.6,10159,10.10.1.3,11159,68686347.76591222
341.19205538544753,10.10.2.6,10087,10.10.1.6,11107,104917.72737251672
341.3140210862813,10.10.2.6,10192,10.10.1.4,11056,5677.263791678745
341.5003197421271,10.10.2.6,10190,10.10.1.13,11182,4604.006804510526
341.63824517244547,10.10.2.6,10040,10.10.1.6,11106,34543610.32058328
341.76754959743226,10.10.2.6,10045,10.10.1.6,11063,5470.029742018041
341.7804347167377,10.10.2.6,10125,10.10.1.3,11061,22518.57840251759
341.87915756553576,10.10.2.6,10101,10.10.1.10,11178,3740.612131556885
342.1240001641016,10.10.2.6,10061,10.10.1.10,11026,3562.6251287184377
342.250780375777,10.10.2.6,10148,10.10.1.11,11188,2352.881385623523
342.4602520262422,10.10.2.6,10056,10.10.1.5,11146,39495.43956516397
342.4926005276372,10.10.2.6,10152,10.10.1.13,11192,95216.43658716556
342.51768975398255,10.10.2.6,10164,10.10.1.5,11142,3971.64862029257
342.5623073331656,10.10.2.6,10103,10.10.1.14,11162,4961.162217851089
342.5730749797929,10.10.2.6,10028,10.10.1.8,11185,23173.184769799864
342.61467943369513,10.10.2.6,10031,10.10.1.6,11144,30945.063460187266
342.90780451903896,10.10.2.6,10102,10.10.1.2,11131,2258.6633398268773
342.9244056872602,10.10.2.6,10169,10.10.1.12,11078,43368.34673262159
343.0064780582558,10.10.2.6,10118,10.10.1.8,11093,3046.236013960624
343.1868711806192,10.10.2.6,10178,10.10.1.13,11038,9331.798819342608
343.20420598329406,10.10.2.6,10166,10.10.1.3,11048,25438.955143151365
343.2604187248181,10.10.2.6,10168,10.10.1.4,11068,2013.2189743666656
343.31600600907063,10.10.2.6,10015,10.10.1.7,11092,3874578.850652973
343.32354863001336,10.10.2.6,10137,10.10.1.1,11017,1908.8065617603218
343.4125484737589,10.10.2.6,10103,10.10.1.9,11148,1846.06656953534
343.6267801791047,10.10.2.6,10196,10.10.1.16,11129,4279.997967552096
343.76319872171416,10.10.2.6,10174,10.10.1.7,11017,10213.68161451455
343.9496721970504,10.10.2.6,10059,10.10.1.6,11026,2441.496859900076
344.2840917479657,10.10.2.6,10160,10.10.1.3,11008,2382.9348024516244
344.3518690253472,10.10.2.6,10039,10.10.1.7,11066,42400.77671312624
344.42190593531336,10.10.2.6,10183,10.10.1.7,11095,2482.277223741118
344.62930219856145,10.10.2.6,10196,10.10.1.15,11024,9101.53626904699
344.6604938999701,10.10.2.6,10036,10.10.1.13,11113,5117.140989395744
344.6817195990207,10.10.2.6,10152,10.10.1.12,11076,18928.627376815042
344.7239500678341,10.10.2.6,10117,10.10.1.15,11122,37633066.71586708
344.89213391981633,10.10.2.6,10061,10.10.1.5,11114,1729.715716534584
344.9031650663377,10.10.2.6,10134,10.10.1.14,11167,2144.365068358987
344.98930922774406,10.10.2.6,10130,10.10.1.14,11153,23511.062458624587
344.99610696757793,10.10.2.6,10173,10.10.1.2,11141,67403.39719899857
345.01921024019344,10.10.2.6,10179,10.10.1.2,11051,2454.936175456806
345.17575158653403,10.10.2.6,10047,10.10.1.11,11179,119887.67149847171
345.17697369711044,10.10.2.6,10145,10.10.1.10,11178,8973.361502275766
345.35772348522454,10.10.2.6,10178,10.10.1.16,11157,2845.6235426388985
345.55023310995693,10.10.2.6,10010,10.10.1.9,11136,2514.5659604000466
345.6039835018893,10.10.2.6,10074,10.10.1.2,11175,11437.580619052756
345.79497775408004,10.10.2.6,10054,10.10.1.16,11145,8505.040225334631
345.82500471630345,10.10.2.6,10081,10.10.1.2,11101,22998.503754905396
345.98633145610916,10.10.2.6,10088,10.10.1.1,11001,21168.852205608826
346.04757537806563,10.10.2.6,10105,10.10.1.12,11045,157288.80630562795
346.17603221893484,10.10.2.6,10183,10.10.1.8,11182,2732.1373520134343
346.2065494030585,10.10.2.6,10195,10.10.1.3,11069,9160870.792695548
346.21244221995033,10.10.2.6,10017,10.10.1.4,11040,44596.6994063778
346.23568966942594,10.10.2.6,10069,10.10.1.2,11060,29306.686244334942
346.2849968309216,10.10.2.6,10181,10.10.1.8,11058,195800.3286363512
346.39535977269327,10.10.2.6,10051,10.10.1.9,11165,3482.1926602852454
346.59627839858143,10.10.2.6,10178,10.10.1.15,11069,4913857.65527874
346.6767950929305,10.10.2.6,10126,10.10.1.6,11118,4515.181066001588
346.75249467652577,10.10.2.6,10068,10.10.1.16,11111,4282656.3261362305
346.8759570755443,10.10.2.6,10098,10.10.1.8,11051,8214.564206438601
346.87749307432,10.10.2.6,10048,10.10.1.13,11118,27947.470003917486
347.02690086842637,10.10.2.6,10090,10.10.1.9,11192,81399068.64331369
347.0889063174398,10.10.2.6,10102,10.10.1.3,11148,233185.38843109616
347.21419796079965,10.10.2.6,10045,10.10.1.3,11147,10137999772.776598
347.23691270773065,10.10.2.6,10014,10.10.1.9,11023,5375652.593610216
347.2559059501854,10.10.2.6,10113,10.10.1.3,11193,10720.020636640742
347.3349393383439,10.10.2.6,10170,10.10.1.9,11140,26914.804578404874
347.40429653867704,10.10.2.6,10051,10.10.1.14,11194,5092423.471083226
347.45880956998093,10.10.2.6,10057,10.10.1.16,11101,20700.9283294994
347.49134296687134,10.10.2.6,10059,10.10.1.8,11126,1605.3957270295605
347.51258515781973,10.10.2.6,10010,10.10.1.3,11129,1782.410349835914
347.523505492033,10.10.2.6,10077,10.10.1.12,11003,5786310.254321315
347.6749597181115,10.10.2.6,10010,10.10.1.9,11126,5314233.667540633
347.7290124986825,10.10.2.6,10164,10.10.1.3,11162,5958.316403347525
347.7469070352697,10.10.2.6,10134,10.10.1.14,11017,3921619.1924071484
347.91355889594723,10.10.2.6,10000,10.10.1.7,11108,109182.20050558368
348.0561970547404,10.10.2.6,10057,10.10.1.2,11172,4585.870195242469
348.3047754443926,10.10.2.6,10170,10.10.1.9,11099,3849977.923046858
348.3444295827093,10.10.2.6,10066,10.10.1.3,11127,31990.55381747772
348.45627982986525,10.10.2.6,10177,10.10.1.10,11009,1644.9137084074205
348.58331020100815,10.10.2.6,10039,10.10.1.6,11049,10627.985986895803
348.5915691096126,10.10.2.6,10175,10.10.1.12,11196,45482.0360684304
348.6252503453525,10.10.2.6,10068,10.10.1.9,11041,3145.4286931258775
348.7345772182979,10.10.2.6,10184,10.10.1.6,11174,2398.6135249045597
348.8143635427488,10.10.2.6,10030,10.10.1.9,11124,59829.19447474169
348.99930851271455,10.10.2.6,10158,10.10.1.14,11185,4661.951801892529
349.0444233493734,10.10.2.6,10168,10.10.1.10,11156,43756743.95432083
349.32669862314907,10.10.2.6,10081,10.10.1.12,11137,4346927.463491914
349.48304575656465,10.10.2.6,10044,10.10.1.1,11056,19777.12744609781
349.5059837322601,10.10.2.6,10138,10.10.1.7,11198,4874212953.4832945
349.55623652745874,10.10.2.6,10079,10.10.1.11,11045,5214473.497269753
349.6481796028139,10.10.2.6,10108,10.10.1.1,11068,2616.8536302642424
349.67292804492917,10.10.2.6,10024,10.10.1.9,11122,4263155941.7984524
349.75907478308665,10.10.2.6,10109,10.10.1.14,11178,5982.6000885579415
349.99928823984476,10.10.2.6,10137,10.10.1.13,11142,75146.8024006677
350.0813946570645,10.10.2.6,10042,10.10.1.9,11025,6722.3281145259125
350.3365826593929,10.10.2.6,10167,10.10.1.9,11150,23470.99322137205
350.3406363961461,10.10.2.6,10087,10.10.1.16,11112,35294724.76688447
350.4119559489219,10.10.2.6,10108,10.10.1.15,11136,1723.4746224919545
350.44551458715125,10.10.2.6,10017,10.10.1.8,11048,1943.7260526823059
350.49751733674447,10.10.2.6,10102,10.10.1.9,11080,38511.85737505329
350.60396315369394,10.10.2.6,10132,10.10.1.16,11115,30669.30122084021
350.61948612212586,10.10.2.6,10062,10.10.1.8,11081,1532.9905200719188
350.6652671955376,10.10.2.6,10112,10.10.1.15,11074,1789.1436456594504
350.7268326848561,10.10.2.6,10103,10.10.1.10,11145,2134.0943475165686
350.7346404550224,10.10.2.6,10071,10.10.1.2,11153,39576.63445827142
350.7350057900579,10.10.2.6,10165,10.10.1.12,11099,7281.532544171987
350.82409889266427,10.10.2.6,10083,10.10.1.9,11066,33457775.481815863
350.9313643242238,10.10.2.6,10070,10.10.1.5,11105,6527.573698981114
350.95126976145787,10.10.2.6,10111,10.10.1.14,11189,2491.6464923726985
351.11712389304734,10.10.2.6,10127,10.10.1.11,11074,20919.42041698957
351.13597458690657,10.10.2.6,10030,10.10.1.6,11054,42707333.01251404
351.15520598214187,10.10.2.6,10095,10.10.1.6,11107,24127.577241326944
351.17761075270454,10.10.2.6,10121,10.10.1.16,11039,248951.76046540172
351.1846472368075,10.10.2.6,10137,10.10.1.3,11009,2116.2474148162023
351.4004258128272,10.10.2.6,10152,10.10.1.3,11057,17555.501926054683
351.4522919903735,10.10.2.6,10001,10.10.1.2,11123,33155.88188755455
351.4582698499957,10.10.2.6,10080,10.10.1.12,11176,5159313.077570368
351.48129411087245,10.10.2.6,10003,10.10.1.2,11123,46211845.00541166
351.55327063560514,10.10.2.6,10090,10.10.1.12,11156,34017.99092509045
351.553765912634,10.10.2.6,10012,10.10.1.9,11157,32436.114056568527
351.6977272041553,10.10.2.6,10110,10.10.1.6,11131,6997.461547555377
351.84688325431637,10.10.2.6,10188,10.10.1.1,11162,29896.684335442063
351.94360886312955,10.10.2.6,10066,10.10.1.15,11005,41069.765314263874
352.03282186710277,10.10.2.6,10031,10.10.1.1,11111,8106.033847657039
352.0853859729138,10.10.2.6,10186,10.10.1.8,11173,16831.227421438107
352.14613693533516,10.10.2.6,10157,10.10.1.6,11153,5587.55523254233
352.2339499557668,10.10.2.6,10109,10.10.1.1,11146,936278.7994978543
352.2495215980715,10.10.2.6,10112,10.10.1.7,11071,52311.325994111525
352.29655931780377,10.10.2.6,10076,10.10.1.16,11151,39640.38678780445
352.30652377591696,10.10.2.6,10102,10.10.1.11,11192,1636.6948131003335
352.3349246998868,10.10.2.6,10185,10.10.1.14,11127,4371584.555117463
352.4513552324454,10.10.2.6,10167,10.10.1.16,11092,1820.1476410485357
352.5315232384361,10.10.2.6,10020,10.10.1.14,11015,1647.960271194272
352.565648352039,10.10.2.6,10037,10.10.1.10,11150,23294.93444355234
352.5851931146503,10.10.2.6,10023,10.10.1.2,11018,6365.287128348691
352.63006652039354,10.10.2.6,10040,10.10.1.14,11099,2397.2547460024507
352.68944994537316,10.10.2.6,10148,10.10.1.8,11114,1772.9170988152762
352.6946040067319,10.10.2.6,10110,10.10.1.1,11160,1832.0190756093339
352.74563626932917,10.10.2.6,10128,10.10.1.4,11189,22748.0632740242
352.7669323318118,10.10.2.6,10103,10.10.1.1,11144,46750.32914576115
352.93368481903195,10.10.2.6,10074,10.10.1.15,11178,18126.350358970107
353.00624383997166,10.10.2.6,10001,10.10.1.15,11081,3001.52102408593
353.01733579403293,10.10.2.6,10064,10.10.1.8,11157,3869952.430146163
353.0242453619293,10.10.2.6,10010,10.10.1.3,11095,16596.768024664263
353.27153060724424,10.10.2.6,10008,10.10.1.6,11110,2432.9819452691663
353.3848375902278,10.10.2.6,10195,10.10.1.16,11099,83734236.1641868
353.509868427472,10.10.2.6,10038,10.10.1.9,11049,21481.937809734376
353.5470596619327,10.10.2.6,10054,10.10.1.10,11191,36487298.956618465
353.5619755436937,10.10.2.6,10171,10.10.1.3,11184,4889.957375477281
353.6711231497412,10.10.2.6,10131,10.10.1.16,11039,4405.9892987410385
353.8592209950436,10.10.2.6,10070,10.10.1.14,11198,2204.77124119039
354.1389346094432,10.10.2.6,10004,10.10.1.13,11164,36747.42306228234
354.3424299510236,10.10.2.6,10137,10.10.1.3,11046,141319318.0562257
354.34694500360376,10.10.2.6,10038,10.10.1.14,11028,5963666.586911449
354.5011670665148,10.10.2.6,10051,10.10.1.6,11150,1865.1813605939824
354.5175590067529,10.10.2.6,10144,10.10.1.5,11127,494918.1503509947
354.5382363827151,10.10.2.6,10071,10.10.1.16,11112,5414472.29391379
354.70164861244467,10.10.2.6,10001,10.10.1.8,11093,100908.40671378553
354.74310025383886,10.10.2.6,10104,10.10.1.9,11132,11229.867705997394
354.82270872199734,10.10.2.6,10178,10.10.1.2,11103,32531473.623415463
354.911197300429,10.10.2.6,10095,10.10.1.15,11059,41303846.43456903
354.925886045448,10.10.2.6,10047,10.10.1.1,11034,32678.76859353141
355.2714947224888,10.10.2.6,10189,10.10.1.5,11022,3803591204.5167894
355.4051577825219,10.10.2.6,10185,10.10.1.10,11012,4999.3194184171725
355.41980673448717,10.10.2.6,10102,10.10.1.9,11065,1312665786.1811907
355.43163857468477,10.10.2.6,10103,10.10.1.16,11010,1817.499122773934
355.5025207737043,10.10.2.6,10129,10.10.1.11,11073,3303.5594207157756
355.61499009137856,10.10.2.6,10045,10.10.1.16,11098,2145.4550521428805
355.6243195787801,10.10.2.6,10147,10.10.1.13,11048,6010434.326224352
355.9373701430542,10.10.2.6,10056,10.10.1.11,11056,2066.2230087033176
356.02544048226457,10.10.2.6,10089,10.10.1.6,11191,2084.6082453276654
356.0285638040198,10.10.2.6,10004,10.10.1.11,11090,23172.81542244268
356.08268441743775,10.10.2.6,10005,10.10.1.9,11051,5401.119284445345
356.1438407361199,10.10.2.6,10004,10.10.1.10,11087,17055.749883386146
356.2128033005751,10.10.2.6,10031,10.10.1.3,11008,3327.253111422568
356.94114763390445,10.10.2.6,10000,10.10.1.15,11162,34862617.931095704
356.99635875977225,10.10.2.6,10136,10.10.1.7,11054,32334.933645078065
357.21838805813104,10.10.2.6,10060,10.10.1.2,11052,4924.424475037388
357.26211906261784,10.10.2.6,10136,10.10.1.12,11036,19704.18116570308
357.27624665793263,10.10.2.6,10096,10.10.1.5,11184,6134746.2546633165
357.300609553014,10.10.2.6,10190,10.10.1.7,11035,62153.03846131387
357.3080962036589,10.10.2.6,10056,10.10.1.2,11037,37461.05541562057
357.40480462329316,10.10.2.6,10040,10.10.1.12,11117,2300.987981703933
357.40641229608764,10.10.2.6,10012,10.10.1.14,11070,2114.491218577267
357.57432341264155,10.10.2.6,10030,10.10.1.9,11122,8166.745722565344
357.8163089798445,10.10.2.6,10046,10.10.1.11,11173,2250.3780552290477
357.83205523257556,10.10.2.6,10175,10.10.1.3,11092,72482.70068630458
357.8844672597222,10.10.2.6,10094,10.10.1.5,11170,24554.046992220156
357.9025121703583,10.10.2.6,10018,10.10.1.4,11165,11644.585554372508
357.9484895439323,10.10.2.6,10046,10.10.1.6,11152,21809.108033113796
358.0639201368879,10.10.2.6,10082,10.10.1.7,11050,29250.216134314243
358.1102916903338,10.10.2.6,10057,10.10.1.1,11171,42398607.71965255
358.1411674775182,10.10.2.6,10075,10.10.1.3,11023,35763551.685795754
358.1709960542952,10.10.2.6,10166,10.10.1.4,11004,3936333.5395495147
358.1933183497011,10.10.2.6,10056,10.10.1.1,11090,76876.50409938935
358.22410386154587,10.10.2.6,10127,10.10.1.7,11189,29735.371362462978
358.3129528489587,10.10.2.6,10043,10.10.1.6,11033,6457.963653924395
358.35813944039245,10.10.2.6,10090,10.10.1.5,11187,35743427.19582821
358.5280075987816,10.10.2.6,10137,10.10.1.12,11185,4709.673649216844
358.66012347185136,10.10.2.6,10174,10.10.1.15,11005,17328.389092255427
358.7462784625486,10.10.2.6,10182,10.10.1.16,11125,8310.692667991092
358.8387074517209,10.10.2.6,10147,10.10.1.16,11019,5086.387187013465
358.95240092002996,10.10.2.6,10055,10.10.1.9,11004,1694.6738935967012
358.9769620622797,10.10.2.6,10107,10.10.1.4,11076,8066.040420503364
359.1778432465729,10.10.2.6,10048,10.10.1.8,11002,15749.937698296702
359.22194705884203,10.10.2.6,10015,10.10.1.13,11183,16745.35748838603
359.338858161719,10.10.2.6,10141,10.10.1.2,11158,1732.0639225245993
359.4738500960427,10.10.2.6,10129,10.10.1.2,11098,45297.982500193335
359.48116458375426,10.10.2.6,10180,10.10.1.15,11009,16169.839695068109
359.75824908376507,10.10.2.6,10128,10.10.1.15,11027,6479.815466089721
359.76513331790426,10.10.2.6,10067,10.10.1.8,11151,61827602.96148401
359.8697564253781,10.10.2.6,10173,10.10.1.10,11026,34085.1346568355
360.13053344340125,10.10.2.6,10005,10.10.1.7,11008,42815642.665624656
360.1319362780233,10.10.2.6,10010,10.10.1.7,11194,2284.9742515565877
360.1479464456381,10.10.2.6,10172,10.10.1.9,11016,529664.0825531345
360.21121103857064,10.10.2.6,10078,10.10.1.15,11076,1645.0200379394987
360.3018659445328,10.10.2.6,10066,10.10.1.7,11198,2835.895275560057
360.3060669168124,10.10.2.6,10106,10.10.1.2,11144,3421.3832466163885
360.32831397306427,10.10.2.6,10014,10.10.1.6,11042,20640.304752202588
360.3644627717391,10.10.2.6,10086,10.10.1.2,11180,1983.0816296144376
360.4172168467607,10.10.2.6,10194,10.10.1.11,11046,1742.4770033687516
360.48733269446575,10.10.2.6,10175,10.10.1.14,11045,7082.291190025545
360.5257159721475,10.10.2.6,10039,10.10.1.15,11133,24531.57496948847
360.7307634130574,10.10.2.6,10161,10.10.1.5,11072,23234.81237475896
360.7703369054135,10.10.2.6,10132,10.10.1.12,11083,2453.1510402317263
360.86805117762975,10.10.2.6,10171,10.10.1.13,11171,38106.95601164752
361.1213016975405,10.10.2.6,10070,10.10.1.12,11189,245700.21335276752
361.257364480676,10.10.2.6,10126,10.10.1.15,11177,32785952.125196688
361.29996935467557,10.10.2.6,10142,10.10.1.6,11178,22072.78557245699
361.33213905019335,10.10.2.6,10147,10.10.1.11,11163,2915.022509354678
361.3929642172192,10.10.2.6,10044,10.10.1.2,11166,4856.167048234789
361.46573407878344,10.10.2.6,10137,10.10.1.3,11197,2254.7073035885796
361.57541499855193,10.10.2.6,10029,10.10.1.2,11016,3023.389831910387
361.60437909572966,10.10.2.6,10060,10.10.1.1,11068,47288319.61831621
361.68925310897964,10.10.2.6,10183,10.10.1.6,11069,21558.972579345875
361.737046359091,10.10.2.6,10188,10.10.1.13,11060,10213.539578870666
361.76012652810977,10.10.2.6,10092,10.10.1.9,11179,93182.15970415878
361.76738926746236,10.10.2.6,10146,10.10.1.7,11184,1793.830070433201
361.8075549291272,10.10.2.6,10079,10.10.1.16,11038,2072.535920571029
361.8289131340203,10.10.2.6,10120,10.10.1.5,11004,6420.033743424849
361.83302313183736,10.10.2.6,10104,10.10.1.4,11149,28566.603765839533
362.03776132150244,10.10.2.6,10192,10.10.1.13,11044,5751330.117550835
362.41681909485953,10.10.2.6,10137,10.10.1.10,11125,112011.09247374855
362.51534136024344,10.10.2.6,10128,10.10.1.5,11080,3651.3093131080855
362.5591495155197,10.10.2.6,10127,10.10.1.2,11182,4814.137072409552
362.58983375812153,10.10.2.6,10036,10.10.1.15,11036,7362.606455976353
362.62062519070395,10.10.2.6,10081,10.10.1.10,11186,2311.1123048605186
362.6554556614953,10.10.2.6,10009,10.10.1.2,11062,29721.324016016068
362.7372432827627,10.10.2.6,10153,10.10.1.15,11009,17155.910701687902
362.7560952964408,10.10.2.6,10055,10.10.1.15,11032,5012.39878593814
362.8110367945851,10.10.2.6,10157,10.10.1.11,11147,8958.544325025958
362.81384235320286,10.10.2.6,10128,10.10.1.5,11062,3383.1161201121463
362.82113230062134,10.10.2.6,10160,10.10.1.13,11004,9619.769917018673
362.9394980914238,10.10.2.6,10028,10.10.1.7,11108,6067.748173672391
362.9799033801492,10.10.2.6,10154,10.10.1.12,11041,35918.63434993344
363.1481829904718,10.10.2.6,10082,10.10.1.13,11170,23429.932344542216
363.25734432351703,10.10.2.6,10122,10.10.1.8,11113,48883.363053654946
363.29854145350197,10.10.2.6,10034,10.10.1.11,11043,19168.22264778056
363.3172481330713,10.10.2.6,10033,10.10.1.12,11051,4202.283962377739
363.5009665395456,10.10.2.6,10185,10.10.1.14,11136,23025.92842265486
363.53210402534296,10.10.2.6,10174,10.10.1.9,11007,6763.169961100979
363.7042780083245,10.10.2.6,10045,10.10.1.1,11057,2273.7385346841556
363.8363040369733,10.10.2.6,10010,10.10.1.12,11186,5485995.968742796
363.8381791706261,10.10.2.6,10039,10.10.1.6,11086,3877174.1009149808
363.9689392766679,10.10.2.6,10128,10.10.1.4,11166,3543.963150069514
364.2752879048695,10.10.2.6,10116,10.10.1.9,11154,2207.423967681926
364.3370191062657,10.10.2.6,10165,10.10.1.11,11159,21313.499702344405
364.35015886275943,10.10.2.6,10139,10.10.1.2,11182,39347.450796363875
364.56459243520123,10.10.2.6,10163,10.10.1.5,11002,45489.38217314516
364.71527297282574,10.10.2.6,10003,10.10.1.14,11065,32296.19107296253
364.8617134887964,10.10.2.6,10162,10.10.1.10,11047,18407.08198031188
364.8730016255953,10.10.2.6,10118,10.10.1.16,11118,4556.63222530003
364.99739492013776,10.10.2.6,10180,10.10.1.13,11146,44023394.68700692
365.0573516237747,10.10.2.6,10042,10.10.1.9,11089,70577.90669866659
365.0814593733899,10.10.2.6,10171,10.10.1.7,11047,109057.28536370056
365.0863075268392,10.10.2.6,10083,10.10.1.15,11154,24383.101975420817
365.10743513579666,10.10.2.6,10120,10.10.1.14,11153,2335.097113593296
365.1604774596666,10.10.2.6,10193,10.10.1.6,11124,4872.012334945249
365.2720548033358,10.10.2.6,10116,10.10.1.3,11100,12427.145092965666
365.30045800556974,10.10.2.6,10155,10.10.1.16,11016,24114.864335414622
365.57367289134265,10.10.2.6,10131,10.10.1.1,11153,7329.392573481196
365.9424209284503,10.10.2.6,10120,10.10.1.2,11011,15957.733979572067
366.0171016798248,10.10.2.6,10000,10.10.1.13,11114,61043.582052480015
366.1497607685967,10.10.2.6,10198,10.10.1.5,11197,5766684.580837686
366.1657515192926,10.10.2.6,10055,10.10.1.6,11067,39912.091124281316
366.2230189244927,10.10.2.6,10137,10.10.1.6,11144,34889665.96144231
366.30156365279635,10.10.2.6,10126,10.10.1.3,11122,24165.457229573545
366.58717837698583,10.10.2.6,10060,10.10.1.8,11088,113706.8382747629
366.6184676816573,10.10.2.6,10008,10.10.1.8,11075,3337.533099589129
366.79391178655567,10.10.2.6,10106,10.10.1.13,11047,2013.5600060700278
366.90741053439444,10.10.2.6,10066,10.10.1.14,11192,47723.68317662303
366.99122546789135,10.10.2.6,10017,10.10.1.15,11194,23234.894554689472
367.13532019957063,10.10.2.6,10185,10.10.1.6,11171,5601690.251039564
367.30552055685723,10.10.2.6,10162,10.10.1.11,11130,1699.2298953041668
367.31082152936244,10.10.2.6,10063,10.10.1.11,11112,3413.4078022608323
367.31733508315233,10.10.2.6,10057,10.10.1.10,11145,27270.13284322264
367.5459563894305,10.10.2.6,10118,10.10.1.1,11160,6828.399070258632
367.9194213869536,10.10.2.6,10174,10.10.1.6,11190,5175.637598416529
367.9556561877597,10.10.2.6,10108,10.10.1.2,11068,36095.429632013416
368.01081815950585,10.10.2.6,10123,10.10.1.4,11097,2628.2598743630833
368.17019726488,10.10.2.6,10122,10.10.1.9,11048,19616.578268845005
368.3238405774251,10.10.2.6,10193,10.10.1.7,11094,30781.83235473293
368.4698460401326,10.10.2.6,10072,10.10.1.7,11053,4808324.31957736
368.5120152586794,10.10.2.6,10097,10.10.1.13,11003,42749174.012943104
368.54136070238485,10.10.2.6,10018,10.10.1.12,11035,5352853.061576992
368.56781474031646,10.10.2.6,10080,10.10.1.1,11190,6161400.090251131
368.61275626405626,10.10.2.6,10107,10.10.1.5,11153,5627.966390409081
368.6582466616344,10.10.2.6,10030,10.10.1.5,11055,1532.691856216285
368.81544574350954,10.10.2.6,10058,10.10.1.3,11128,3413.6299497588516
368.98784708733365,10.10.2.6,10059,10.10.1.7,11103,5724110.021483645
369.01749668654037,10.10.2.6,10116,10.10.1.6,11058,17458.593761297565
369.0454759300804,10.10.2.6,10124,10.10.1.11,11192,2445.3588863641585
369.23676320345277,10.10.2.6,10093,10.10.1.6,11013,4714.696666765756
369.4008701392247,10.10.2.6,10179,10.10.1.15,11019,10743.588608664717
369.49876538423257,10.10.2.6,10028,10.10.1.13,11195,17372.375707494153
369.5336692430782,10.10.2.6,10188,10.10.1.9,11130,9719.864031069643
369.6784043365879,10.10.2.6,10194,10.10.1.15,11098,6177928.485339965
369.7318535910359,10.10.2.6,10128,10.10.1.13,11006,17716.58022567609
369.7626021098706,10.10.2.6,10068,10.10.1.6,11180,3830283.7575465767
369.9994690341716,10.10.2.6,10132,10.10.1.3,11151,7682.598498228152
370.0473431209493,10.10.2.6,10115,10.10.1.3,11028,2551.741886964707
370.04888259765926,10.10.2.6,10027,10.10.1.15,11021,38556225.16042626
370.1036647472932,10.10.2.6,10047,10.10.1.10,11035,28683.167279510257
370.13951069839163,10.10.2.6,10160,10.10.1.14,11080,4755191.01177446
370.1573610497186,10.10.2.6,10042,10.10.1.12,11128,19651.445394806997
370.26515129596794,10.10.2.6,10145,10.10.1.16,11070,21717.8437859324
370.33216262408536,10.10.2.6,10160,10.10.1.4,11158,106865.14621996475
370.3954787402511,10.10.2.6,10175,10.10.1.7,11037,8703892205.95061
370.5867075762648,10.10.2.6,10006,10.10.1.14,11184,1989.2724928008547
370.692415254447,10.10.2.6,10087,10.10.1.8,11158,2137.172547620419
370.73476731085776,10.10.2.6,10056,10.10.1.16,11192,3196.712943257435
370.80978609371476,10.10.2.6,10135,10.10.1.11,11025,3741.944339473767
370.82112734492114,10.10.2.6,10054,10.10.1.8,11119,494793.8907934442
370.9812110521096,10.10.2.6,10058,10.10.1.10,11106,4395.752819671067
371.1950846901338,10.10.2.6,10144,10.10.1.13,11126,197008.17594554098
371.2045608049739,10.10.2.6,10116,10.10.1.7,11097,978014.0786764106
371.210640583991,10.10.2.6,10047,10.10.1.2,11125,47655411.6828913
371.3307361438979,10.10.2.6,10065,10.10.1.4,11036,4961.1958727162755
371.4186859091885,10.10.2.6,10183,10.10.1.14,11013,7725.956832493053
371.44726972070043,10.10.2.6,10045,10.10.1.5,11019,4808.8432976480535
371.4529808962994,10.10.2.6,10165,10.10.1.6,11195,7697.760708899898
371.46536891610504,10.10.2.6,10190,10.10.1.9,11120,5290.612411956813
371.761035994966,10.10.2.6,10013,10.10.1.16,11055,7457.013729541008
371.781621310052,10.10.2.6,10010,10.10.1.15,11157,6076.898845466228
371.8047039699446,10.10.2.6,10100,10.10.1.16,11118,1574.4990623835552
371.8445840915594,10.10.2.6,10064,10.10.1.16,11159,59220.580439675075
371.9272302026636,10.10.2.6,10135,10.10.1.6,11075,21207.690220015247
371.94390165796693,10.10.2.6,10091,10.10.1.4,11194,5494378.8650912
372.1257139346401,10.10.2.6,10010,10.10.1.5,11106,116602.28048282834
372.1773497517872,10.10.2.6,10153,10.10.1.16,11019,1993.2146376449691
372.18337190932095,10.10.2.6,10104,10.10.1.15,11039,22945.83707938409
372.2521370157206,10.10.2.6,10013,10.10.1.5,11152,3900356.1149113565
372.3300736439504,10.10.2.6,10118,10.10.1.1,11015,2383.3250232303353
372.3330492191171,10.10.2.6,10059,10.10.1.12,11170,44419.099346586154
372.46096738728914,10.10.2.6,10096,10.10.1.4,11011,7431.445436743577
372.5089042526216,10.10.2.6,10187,10.10.1.15,11080,1551.04766240691
372.57444969603495,10.10.2.6,10188,10.10.1.8,11110,22270.349653370486
372.59000221467846,10.10.2.6,10059,10.10.1.16,11116,37826.145358441085
372.66675900743354,10.10.2.6,10134,10.10.1.4,11002,5755158.152324106
372.86151969826955,10.10.2.6,10098,10.10.1.6,11086,4713023.191611591
372.88383447082407,10.10.2.6,10054,10.10.1.8,11075,3416.8098807829265
372.9130227329072,10.10.2.6,10106,10.10.1.2,11069,965508.4970808473
372.9639571259157,10.10.2.6,10112,10.10.1.6,11029,4128.02141859108
373.00623156152045,10.10.2.6,10158,10.10.1.9,11088,178923.5572954528
373.01753021966283,10.10.2.6,10081,10.10.1.15,11012,35501.637546470316
373.18522583044086,10.10.2.6,10032,10.10.1.9,11099,2399.7618828044197
373.1928598664287,10.10.2.6,10107,10.10.1.1,11144,123789.1848478523
373.2066436143738,10.10.2.6,10065,10.10.1.7,11139,7064.681529903155
373.2649366103509,10.10.2.6,10068,10.10.1.15,11067,17426.437994256168
373.5777587739341,10.10.2.6,10142,10.10.1.16,11060,599726.4269143201
373.70625467971524,10.10.2.6,10176,10.10.1.5,11085,6192016.59101887
373.7705563436004,10.10.2.6,10170,10.10.1.3,11031,93345815.21455601
373.80790589882173,10.10.2.6,10089,10.10.1.14,11176,5645100.996934875
373.8095661855409,10.10.2.6,10068,10.10.1.2,11155,26060.03513736221
373.9245933168056,10.10.2.6,10064,10.10.1.12,11070,9906.032695180606
374.03934867758494,10.10.2.6,10151,10.10.1.2,11057,2188.76587106373
374.1477316802115,10.10.2.6,10006,10.10.1.14,11009,2639.653612490698
374.3199027397629,10.10.2.6,10124,10.10.1.6,11080,27477.494022615512
374.34765166284365,10.10.2.6,10152,10.10.1.3,11085,12231.26216103464
374.7182679408805,10.10.2.6,10117,10.10.1.16,11172,76018.0107072532
374.7824980897268,10.10.2.6,10110,10.10.1.7,11158,3262.651525015479
374.800454285798,10.10.2.6,10169,10.10.1.1,11119,37249.29790818764
374.8478984338842,10.10.2.6,10099,10.10.1.5,11113,20203.962875161666
374.95838647542723,10.10.2.6,10060,10.10.1.15,11150,4081932.7533259797
375.08381089915815,10.10.2.6,10093,10.10.1.16,11067,2345.801199197733
375.1009904789156,10.10.2.6,10170,10.10.1.7,11193,4277021.476551472
375.15338124518365,10.10.2.6,10140,10.10.1.2,11034,27036.110247530898
375.28247334185255,10.10.2.6,10192,10.10.1.12,11085,62166157.93080296
375.286942210986,10.10.2.6,10093,10.10.1.16,11138,7258.762425131132
375.3394275029785,10.10.2.6,10013,10.10.1.10,11101,47190.72785436447
375.4739619682103,10.10.2.6,10016,10.10.1.9,11145,2742.114734990234
375.59510518469,10.10.2.6,10161,10.10.1.9,11177,7877.722728252495
375.7239820128177,10.10.2.6,10122,10.10.1.15,11190,31836.642294992256
375.75538278752595,10.10.2.6,10146,10.10.1.13,11107,20135.779878544814
375.7827633720206,10.10.2.6,10159,10.10.1.1,11007,2249.1800259927754
375.8037380718778,10.10.2.6,10191,10.10.1.5,11159,5259.794480440253
375.9461176489091,10.10.2.6,10150,10.10.1.8,11010,8335.028464485044
376.04188713645993,10.10.2.6,10011,10.10.1.5,11187,31774.22661908734
376.2130322302156,10.10.2.6,10025,10.10.1.7,11177,2201.566356845641
376.3385711462812,10.10.2.6,10151,10.10.1.13,11036,4274723.836654129
376.379580391919,10.10.2.6,10073,10.10.1.3,11075,1946.7784743584643
376.41402842967756,10.10.2.6,10134,10.10.1.13,11036,4352.6374866155265
376.8400918287866,10.10.2.6,10192,10.10.1.10,11038,27026.403410877138
376.9274667273129,10.10.2.6,10168,10.10.1.13,11045,5490539.117361419
377.0329269947751,10.10.2.6,10003,10.10.1.5,11180,39035.2786523927
377.04481022020036,10.10.2.6,10055,10.10.1.3,11190,10215.696478349912
377.0519136190524,10.10.2.6,10061,10.10.1.8,11043,43826.10502192441
377.0613712596945,10.10.2.6,10059,10.10.1.2,11189,2428.4494360891363
377.12544818064924,10.10.2.6,10037,10.10.1.7,11117,31395089.836346548
377.33098088434684,10.10.2.6,10078,10.10.1.8,11193,3706.4668275924064
377.57567182903523,10.10.2.6,10057,10.10.1.14,11041,3673.9451369178346
377.59744522570537,10.10.2.6,10178,10.10.1.14,11018,23552.37885624774
377.63343072413835,10.10.2.6,10015,10.10.1.9,11091,2110.258010115799
377.91392608542253,10.10.2.6,10164,10.10.1.1,11161,18885.284563362566
377.9905587019814,10.10.2.6,10090,10.10.1.15,11008,21091.020307645817
378.0138253739505,10.10.2.6,10044,10.10.1.10,11019,2015.7735066721402
378.06547558672173,10.10.2.6,10139,10.10.1.2,11045,117834.21892061256
378.17624776715445,10.10.2.6,10009,10.10.1.3,11174,15211.362927055508
378.1768384996214,10.10.2.6,10057,10.10.1.7,11025,91720.9725139332
378.220986548011,10.10.2.6,10012,10.10.1.8,11035,93292.61559575022
378.22705054772285,10.10.2.6,10187,10.10.1.14,11012,2886.080332368305
378.47325473626404,10.10.2.6,10130,10.10.1.1,11116,66973.10753603646
378.5021873892182,10.10.2.6,10063,10.10.1.3,11020,35583.67117872518
378.54843911743893,10.10.2.6,10010,10.10.1.16,11063,12407.77354286341
378.6355980744243,10.10.2.6,10058,10.10.1.13,11142,7078.2267170977575
378.63608247720015,10.10.2.6,10169,10.10.1.3,11014,1795.3175340694927
378.6765440034555,10.10.2.6,10180,10.10.1.2,11122,100798.31856255687
379.0378794285579,10.10.2.6,10085,10.10.1.7,11091,1210939103.3163922
379.1974367209132,10.10.2.6,10117,10.10.1.2,11033,23022.082285202105
379.2340250034526,10.10.2.6,10193,10.10.1.4,11098,40096.27868381982
379.570742087878,10.10.2.6,10084,10.10.1.10,11150,33104.26397366712
379.6404249667889,10.10.2.6,10123,10.10.1.9,11064,30412.301440677147
379.72036173339717,10.10.2.6,10161,10.10.1.9,11097,23628.288163091474
379.73300883368904,10.10.2.6,10030,10.10.1.2,11185,84134.58319866097
379.99337408795367,10.10.2.6,10166,10.10.1.9,11019,22962.966663055933
380.0242849965749,10.10.2.6,10005,10.10.1.10,11070,1688.1603192151501
380.06805184642013,10.10.2.6,10138,10.10.1.14,11180,5499449.383906223
380.1326936863686,10.10.2.6,10070,10.10.1.6,11019,2105.707437092961
380.1532474725955,10.10.2.6,10086,10.10.1.3,11060,8358.950543178546
380.18853494607146,10.10.2.6,10148,10.10.1.2,11023,2899.6072060659826
380.3864520583187,10.10.2.6,10005,10.10.1.10,11050,230759.93100275687
380.49879421713337,10.10.2.6,10197,10.10.1.15,11129,5434391.153191362
380.52445805458285,10.10.2.6,10177,10.10.1.11,11003,2098.4464690594377
380.5428384425805,10.10.2.6,10073,10.10.1.16,11060,2453.7175411558414
380.56274179340613,10.10.2.6,10136,10.10.1.5,11116,10340.301461228402
380.9212124762026,10.10.2.6,10094,10.10.1.16,11159,3298.721253376273
380.9846231351646,10.10.2.6,10051,10.10.1.3,11015,379860.16688593285
381.1695605186232,10.10.2.6,10056,10.10.1.7,11096,216362.49127751385
381.232122942379,10.10.2.6,10074,10.10.1.3,11041,27638.13749619055
381.28367580699063,10.10.2.6,10132,10.10.1.7,11171,3440.1222625132477
381.3113426786146,10.10.2.6,10060,10.10.1.3,11088,967121.0925873957
381.39127036100746,10.10.2.6,10174,10.10.1.9,11145,1661.8193820384777
381.5067849651601,10.10.2.6,10169,10.10.1.4,11027,5253190.892992743
381.545396871351,10.10.2.6,10166,10.10.1.8,11066,5242826497.483546
381.5883646103025,10.10.2.6,10044,10.10.1.15,11076,7727.401243582425
381.65814781514564,10.10.2.6,10150,10.10.1.15,11179,216471.4901271097
381.69344857346454,10.10.2.6,10193,10.10.1.16,11017,6784.120858026558
381.92722280197165,10.10.2.6,10188,10.10.1.2,11059,235966.44628464762
381.9372814784029,10.10.2.6,10166,10.10.1.12,11159,22868.11591867502
381.96163817016554,10.10.2.6,10059,10.10.1.6,11135,3964085.5770178433
382.04621464765717,10.10.2.6,10143,10.10.1.5,11066,12049.53185106811
382.0487058732187,10.10.2.6,10113,10.10.1.4,11122,2876.7213022222068
382.12898141093285,10.10.2.6,10089,10.10.1.5,11174,20234.214730036496
382.1325170318269,10.10.2.6,10057,10.10.1.3,11126,3280.304860085737
382.32835056213537,10.10.2.6,10176,10.10.1.14,11118,47426.4191942884
382.49405106318113,10.10.2.6,10051,10.10.1.7,11095,31934069.664311983
382.6480302296233,10.10.2.6,10019,10.10.1.12,11035,4118165.064908689
382.7339895174722,10.10.2.6,10092,10.10.1.16,11011,3539.2926184087623
382.7660906838069,10.10.2.6,10193,10.10.1.15,11081,23778.46243146891
382.8659933144131,10.10.2.6,10083,10.10.1.5,11153,1981.2644694485489
383.09184771231526,10.10.2.6,10196,10.10.1.16,11046,45933.58661187829
383.14679674403067,10.10.2.6,10183,10.10.1.3,11102,4729.090068982276
383.2095723610693,10.10.2.6,10075,10.10.1.3,11160,5012.336168954034
383.27477160681957,10.10.2.6,10151,10.10.1.10,11101,3479.979289176024
383.30605963097713,10.10.2.6,10051,10.10.1.2,11014,2473.1962240338485
383.5757445156725,10.10.2.6,10080,10.10.1.13,11130,879871626.0999972
383.6400535526652,10.10.2.6,10033,10.10.1.12,11030,2438.4017717019424
383.6415703809588,10.10.2.6,10075,10.10.1.1,11197,6425.102967337202
383.64177620905554,10.10.2.6,10082,10.10.1.8,11018,9851.835004205826
383.65103284504914,10.10.2.6,10052,10.10.1.8,11119,5220914.171978184
383.8038186410675,10.10.2.6,10152,10.10.1.7,11016,30800.671039685476
383.90468076412253,10.10.2.6,10096,10.10.1.8,11196,2634.155691013121
383.95244123544404,10.10.2.6,10173,10.10.1.9,11168,5941.751782120393
384.1081239698163,10.10.2.6,10095,10.10.1.15,11148,6030.192533734333
384.12254799269095,10.10.2.6,10107,10.10.1.12,11134,93438680.83869162
384.4945362218701,10.10.2.6,10145,10.10.1.10,11015,2052.470720856209
384.6507525356597,10.10.2.6,10116,10.10.1.12,11053,47361.1020486494
384.72949389202034,10.10.2.6,10180,10.10.1.10,11079,17163.355162491
384.83108083069766,10.10.2.6,10183,10.10.1.7,11114,31423680.196560323
384.8672932914308,10.10.2.6,10058,10.10.1.1,11108,2257.3609845051
385.28396153248656,10.10.2.6,10023,10.10.1.5,11121,1816256839.0175827
385.3076839391347,10.10.2.6,10105,10.10.1.14,11049,49779731.39344784
385.3180809120181,10.10.2.6,10103,10.10.1.2,11010,38793148.923352525
385.45498298171583,10.10.2.6,10019,10.10.1.15,11155,2430.132553530426
385.48905030155385,10.10.2.6,10089,10.10.1.2,11144,3390.2263609978554
385.5140932744383,10.10.2.6,10144,10.10.1.1,11109,6497.976585081244
385.56177306854664,10.10.2.6,10148,10.10.1.6,11049,51478.27700907783
385.65668993840706,10.10.2.6,10061,10.10.1.16,11101,34373.314679912444
385.6731174925447,10.10.2.6,10146,10.10.1.12,11173,38152.99532247689
385.69517606214714,10.10.2.6,10076,10.10.1.1,11064,34399.988731403304
385.83442160195966,10.10.2.6,10059,10.10.1.8,11003,2913.588931685453
385.9689630280253,10.10.2.6,10005,10.10.1.6,11184,4071383.0733440425
386.02011149743305,10.10.2.6,10179,10.10.1.9,11013,6276.289976579701
386.0957787554867,10.10.2.6,10092,10.10.1.15,11192,72953.63641465922
386.3019842149222,10.10.2.6,10099,10.10.1.10,11163,23214.2639084268
386.5682802145309,10.10.2.6,10168,10.10.1.6,11000,89193.90822290455
386.6622917130009,10.10.2.6,10131,10.10.1.16,11174,32700287.35846047
386.726265289161,10.10.2.6,10165,10.10.1.6,11106,18313.22645532406
386.7406649976874,10.10.2.6,10045,10.10.1.14,11127,45250.28595085065
386.7591112368375,10.10.2.6,10144,10.10.1.13,11019,911432485.9616897
386.84277655877196,10.10.2.6,10179,10.10.1.8,11003,24679.141947131317
387.035406027414,10.10.2.6,10030,10.10.1.13,11179,7301.182076317855
387.1567062224768,10.10.2.6,10013,10.10.1.14,11150,10369.227545639556
387.2561793435106,10.10.2.6,10076,10.10.1.15,11044,1702.9019924898362
387.3007205064038,10.10.2.6,10053,10.10.1.8,11009,4688.419824544841
387.3176397800285,10.10.2.6,10125,10.10.1.12,11107,7003.136207811561
387.3892356435256,10.10.2.6,10015,10.10.1.2,11043,2094.69243645619
387.4242752748167,10.10.2.6,10036,10.10.1.2,11018,103948.92381630227
387.5751557991272,10.10.2.6,10142,10.10.1.11,11153,15572.673952703622
387.59213524874485,10.10.2.6,10120,10.10.1.14,11067,49897.51635701517
387.6240463435479,10.10.2.6,10193,10.10.1.10,11175,34227.05777228476
387.665527622852,10.10.2.6,10018,10.10.1.5,11157,120189.82278346557
387.7892896544558,10.10.2.6,10069,10.10.1.5,11077,16373.452081653755
388.2624924728145,10.10.2.6,10133,10.10.1.3,11192,2243.9508579339845
388.30903346422906,10.10.2.6,10071,10.10.1.16,11133,4386763.129359673
388.38096077217955,10.10.2.6,10147,10.10.1.9,11060,5024597.078964963
388.42485225803443,10.10.2.6,10170,10.10.1.3,11116,3019.763179473356
388.42680781182366,10.10.2.6,10048,10.10.1.9,11082,2811.886306395877
388.4804885116543,10.10.2.6,10190,10.10.1.15,11090,4005.8409070237517
388.5207639005555,10.10.2.6,10001,10.10.1.5,11077,34775.79115718224
388.5323959886439,10.10.2.6,10176,10.10.1.8,11115,92839.45661741159
388.5500265714338,10.10.2.6,10085,10.10.1.11,11162,21149.59684202769
388.64454080984376,10.10.2.6,10125,10.10.1.13,11174,18538.27056695935
388.65823350352696,10.10.2.6,10018,10.10.1.12,11137,4503634.999382615
388.8523760045112,10.10.2.6,10026,10.10.1.5,11101,5670690.352820523
388.8837307650413,10.10.2.6,10141,10.10.1.10,11188,6703.302633694634
389.00013431730633,10.10.2.6,10019,10.10.1.3,11106,2170.0986411000827
389.1272467600615,10.10.2.6,10091,10.10.1.12,11048,37084803.92728924
389.1581565413937,10.10.2.6,10117,10.10.1.10,11162,22535.332375537775
389.3188879111392,10.10.2.6,10156,10.10.1.7,11028,18795.58061923069
389.31953553121184,10.10.2.6,10173,10.10.1.2,11105,4926372.288198032
389.64924120699754,10.10.2.6,10159,10.10.1.1,11191,5756552.750252102
389.72261989822584,10.10.2.6,10009,10.10.1.2,11022,7290.106227325644
390.11926732454594,10.10.2.6,10002,10.10.1.3,11181,7431.214420720882
390.3290772835401,10.10.2.6,10109,10.10.1.1,11132,43221503.7144483
390.3613432797711,10.10.2.6,10022,10.10.1.9,11178,3725.5682359706325
390.59681041221035,10.10.2.6,10080,10.10.1.13,11134,2363.086578534417
390.82835562806656,10.10.2.6,10004,10.10.1.9,11119,5481.7221498283125
390.88480964378795,10.10.2.6,10072,10.10.1.9,11035,3635.5560849527637
390.89288035873057,10.10.2.6,10082,10.10.1.12,11045,6437.329215555281
390.97054284078865,10.10.2.6,10003,10.10.1.7,11083,6425.086372141694
391.1218996566282,10.10.2.6,10096,10.10.1.6,11092,3077.922402862489
391.1432430669498,10.10.2.6,10058,10.10.1.3,11107,22682.133522637807
391.2434674607551,10.10.2.6,10095,10.10.1.8,11010,4950.803550402587
391.24959616254023,10.10.2.6,10195,10.10.1.2,11046,9799.510645459472
391.3298913101194,10.10.2.6,10182,10.10.1.7,11183,36928.04592452344
391.36470210974,10.10.2.6,10150,10.10.1.10,11159,6356.825209705112
391.3819774623939,10.10.2.6,10171,10.10.1.15,11036,47811.14000827363
391.57990379781177,10.10.2.6,10026,10.10.1.12,11139,134617684.6797316
391.60921893889355,10.10.2.6,10150,10.10.1.3,11063,85539677.87232086
391.66408718993455,10.10.2.6,10099,10.10.1.3,11104,1615.6483709997194
391.6829945435532,10.10.2.6,10048,10.10.1.4,11026,484303.3670253162
391.74544845886,10.10.2.6,10193,10.10.1.3,11181,4592.880632668202
391.8948730329297,10.10.2.6,10170,10.10.1.2,11024,8354.41706528741
391.92038681636103,10.10.2.6,10140,10.10.1.11,11083,6029.533885490693
391.994179284228,10.10.2.6,10062,10.10.1.15,11048,533904.9923047483
392.0151992966106,10.10.2.6,10087,10.10.1.12,11066,5658.346344042301
392.06556652422023,10.10.2.6,10110,10.10.1.15,11155,8045.489843315529
392.07864369047115,10.10.2.6,10139,10.10.1.6,11059,30114.709320176116
392.15535696639904,10.10.2.6,10118,10.10.1.6,11121,23710.296892440983
392.2091292878823,10.10.2.6,10094,10.10.1.3,11007,24706.557399816425
392.2349109573918,10.10.2.6,10033,10.10.1.8,11083,904444627.684889
392.27209155442154,10.10.2.6,10046,10.10.1.11,11198,18717.836724111858
392.3309275721946,10.10.2.6,10059,10.10.1.5,11077,34942688.16920057
392.3972866854325,10.10.2.6,10004,10.10.1.12,11198,58684.154503199425
392.40325618724944,10.10.2.6,10163,10.10.1.6,11020,6558.85644939108
392.60568319787615,10.10.2.6,10123,10.10.1.9,11065,23643.051536985226
392.6129377308696,10.10.2.6,10144,10.10.1.12,11032,39222.53197929618
392.76292188348646,10.10.2.6,10153,10.10.1.16,11099,118185687.89453392
392.8163897936605,10.10.2.6,10084,10.10.1.1,11098,27912.040433521015
392.9706276053592,10.10.2.6,10185,10.10.1.14,11111,137616454.71116123
393.0517403969026,10.10.2.6,10170,10.10.1.5,11152,17765.749511829563
393.0603888332877,10.10.2.6,10167,10.10.1.8,11197,49975.59728782255
393.1064277773818,10.10.2.6,10103,10.10.1.15,11187,3687.595547165424
393.4209550132532,10.10.2.6,10020,10.10.1.13,11151,948931774.4549307
393.48616411881,10.10.2.6,10058,10.10.1.6,11015,11955.08997276107
393.53740223072884,10.10.2.6,10001,10.10.1.11,11023,21583.71631950473
393.7772690688026,10.10.2.6,10186,10.10.1.7,11182,2070.0764842991252
393.8765477253121,10.10.2.6,10196,10.10.1.9,11042,32764.71601794973
393.9044643814367,10.10.2.6,10051,10.10.1.10,11131,8893.27823323681
393.9577260267741,10.10.2.6,10011,10.10.1.3,11068,94632.413441892
393.9611082313159,10.10.2.6,10081,10.10.1.1,11197,48376.12786545954
394.07476547704516,10.10.2.6,10048,10.10.1.16,11081,10787949.746348545
394.476477939594,10.10.2.6,10056,10.10.1.1,11026,15512.686355604657
394.6482636796974,10.10.2.6,10182,10.10.1.5,11016,23080.941836423885
394.829728140398,10.10.2.6,10189,10.10.1.5,11181,2144.994294805954
394.9042651586211,10.10.2.6,10127,10.10.1.2,11031,112352648.80819723
395.01637698700074,10.10.2.6,10113,10.10.1.1,11046,19524.186916806026
395.0918988085011,10.10.2.6,10148,10.10.1.8,11045,7800.311721740461
395.39643385657513,10.10.2.6,10067,10.10.1.1,11133,1621.3814413584937
395.9840566487532,10.10.2.6,10051,10.10.1.4,11114,1648.9689807005077
396.22307788881176,10.10.2.6,10120,10.10.1.8,11063,84709.97451647877
396.2722173491818,10.10.2.6,10164,10.10.1.12,11189,24826.619931939047
396.2884570122225,10.10.2.6,10090,10.10.1.1,11009,2064.230294577396
396.45082784233335,10.10.2.6,10163,10.10.1.9,11091,12217.6246649569
396.4870640266242,10.10.2.6,10081,10.10.1.13,11140,228046.58754161422
396.5275953755298,10.10.2.6,10015,10.10.1.8,11105,209857.58196974086
396.7122293802956,10.10.2.6,10195,10.10.1.12,11028,23011.032349183028
396.77524296656287,10.10.2.6,10038,10.10.1.1,11011,6144610.194340276
396.78478644444436,10.10.2.6,10169,10.10.1.3,11187,3949699.8798688143
396.8779237649498,10.10.2.6,10133,10.10.1.8,11040,2237.485788634267
396.88444698852356,10.10.2.6,10030,10.10.1.8,11018,3713.2980102898205
397.02907998346274,10.10.2.6,10178,10.10.1.1,11103,892075122.9167329
397.17180443826186,10.10.2.6,10141,10.10.1.5,11182,5438.74889333144
397.50352600545204,10.10.2.6,10075,10.10.1.10,11054,1546.3218876494873
397.5658649794733,10.10.2.6,10119,10.10.1.11,11182,2328.2982837337386
397.72131929557327,10.10.2.6,10031,10.10.1.13,11058,1039126075.8354939
397.7306455837122,10.10.2.6,10132,10.10.1.7,11097,25997.57179112074
397.8570599310789,10.10.2.6,10164,10.10.1.5,11028,1855.6701742773969
398.0137090743218,10.10.2.6,10050,10.10.1.1,11050,9552.532479504438
398.10007073731424,10.10.2.6,10052,10.10.1.2,11114,23845.15087890178
398.1857345323954,10.10.2.6,10047,10.10.1.12,11097,2168.1040044301794
398.3266417577679,10.10.2.6,10065,10.10.1.9,11052,35118582.150655665
398.3719512011349,10.10.2.6,10060,10.10.1.14,11073,4621.593903362969
398.4822858962421,10.10.2.6,10115,10.10.1.2,11085,32818.52641751468
398.5397498889872,10.10.2.6,10134,10.10.1.16,11061,9863027.485827742
398.55836225375907,10.10.2.6,10076,10.10.1.2,11188,19219.704946257727
398.6331634206427,10.10.2.6,10163,10.10.1.5,11097,34490566.93606802
398.6690019926721,10.10.2.6,10066,10.10.1.7,11136,36433.170823884175
398.68212905253995,10.10.2.6,10162,10.10.1.8,11006,17015.92626369545
398.849927285018,10.10.2.6,10031,10.10.1.6,11081,1922.27161209271
399.23773586217254,10.10.2.6,10154,10.10.1.6,11117,4709.900842177082
399.34047422295043,10.10.2.6,10050,10.10.1.3,11143,6434.720988502646
399.3489639423915,10.10.2.6,10161,10.10.1.2,11090,11405.651096526086
399.3495270965306,10.10.2.6,10190,10.10.1.14,11198,118303.7335657899
399.5668394975037,10.10.2.6,10170,10.10.1.12,11121,18405.240899459663
399.5907977195691,10.10.2.6,10065,10.10.1.5,11096,1688035941.5726547
399.606026980804,10.10.2.6,10164,10.10.1.2,11151,2427.846328335898
399.6823430297288,10.10.2.6,10123,10.10.1.12,11087,227227.3854280335
399.86691478629325,10.10.2.6,10054,10.10.1.6,11184,54469.63564130144
399.8857374737677,10.10.2.6,10178,10.10.1.4,11060,7347.199541217233
399.9025664137563,10.10.2.6,10188,10.10.1.1,11059,68204.08920472849
400.05624255379735,10.10.2.6,10184,10.10.1.10,11034,1969.8970290897687
400.2754679834806,10.10.2.6,10122,10.10.1.13,11123,7649.566269464306
400.2866269859721,10.10.2.6,10106,10.10.1.13,11019,21502.0077671976
400.3800045487814,10.10.2.6,10076,10.10.1.16,11033,21745.292781803702
400.38335629655944,10.10.2.6,10186,10.10.1.9,11184,1713.5173980485565
400.4087630983782,10.10.2.6,10100,10.10.1.12,11083,30365.901188532993
400.4383137595546,10.10.2.6,10097,10.10.1.12,11016,2157.1903415203797
400.4603517527456,10.10.2.6,10192,10.10.1.6,11124,114474003.88146193
400.5411664739267,10.10.2.6,10193,10.10.1.7,11055,21411.184937946262
400.57022763254975,10.10.2.6,10185,10.10.1.2,11008,21916.53263410583
400.57677115003224,10.10.2.6,10028,10.10.1.1,11024,1197718.3890288987
400.6509533420714,10.10.2.6,10169,10.10.1.2,11120,28465.44385052229
400.65288633022556,10.10.2.6,10170,10.10.1.9,11122,48480.01345787003
400.6902514687925,10.10.2.6,10147,10.10.1.13,11115,4432.9777877548
400.729531806642,10.10.2.6,10187,10.10.1.12,11077,4184282.399453105
400.7388195608063,10.10.2.6,10167,10.10.1.8,11007,109615.73843395569
400.7666051688103,10.10.2.6,10178,10.10.1.14,11068,3566.057131057158
400.7975987266263,10.10.2.6,10066,10.10.1.6,11101,16393.381761793524
400.8389424955742,10.10.2.6,10184,10.10.1.5,11108,4005821.534330044
400.95059299243036,10.10.2.6,10104,10.10.1.5,11008,3063.112399895474
400.9686858589023,10.10.2.6,10024,10.10.1.12,11191,109946.33755658276
401.0620675288591,10.10.2.6,10107,10.10.1.11,11030,4074.517584472205
401.07385158616717,10.10.2.6,10063,10.10.1.5,11134,5761.903935862702
401.09613900876997,10.10.2.6,10126,10.10.1.1,11029,42944.99481329714
401.14539184154665,10.10.2.6,10053,10.10.1.3,11068,5703.2806088258985
401.4643215972975,10.10.2.6,10164,10.10.1.8,11193,5547296.303623226
401.58187777279164,10.10.2.6,10148,10.10.1.4,11184,453980.8193452749
401.6038444095357,10.10.2.6,10177,10.10.1.14,11149,15172.125124862574
401.65044092494725,10.10.2.6,10051,10.10.1.11,11079,4642961.873820702
401.7238189270663,10.10.2.6,10000,10.10.1.2,11000,32926.42009978773
401.8098663886218,10.10.2.6,10155,10.10.1.6,11188,545279.4921530746
401.8659483166052,10.10.2.6,10099,10.10.1.8,11063,159004.10270541042
401.93563397514345,10.10.2.6,10118,10.10.1.13,11127,3468.3946931846276
402.149630511013,10.10.2.6,10052,10.10.1.4,11006,43810409.74341655
402.1761499336636,10.10.2.6,10116,10.10.1.5,11197,23541.84813822705
402.29179716492877,10.10.2.6,10075,10.10.1.9,11130,5271678.181143773
402.3469835920496,10.10.2.6,10117,10.10.1.3,11074,2801.9102554388382
402.350019206851,10.10.2.6,10034,10.10.1.9,11047,33074.59258983796
402.3515379334626,10.10.2.6,10154,10.10.1.7,11093,20891.091242460283
402.3768060414471,10.10.2.6,10004,10.10.1.16,11092,2005.2196754555791
402.38430403552775,10.10.2.6,10183,10.10.1.12,11064,2433.2332306572025
402.3992754146211,10.10.2.6,10054,10.10.1.8,11067,74570445.01013456
402.5370023498279,10.10.2.6,10065,10.10.1.7,11170,15867.16355169206
402.561256024303,10.10.2.6,10079,10.10.1.14,11072,26378.590509196732
402.5628929382875,10.10.2.6,10142,10.10.1.8,11154,5826.6187363378895
402.7228896669599,10.10.2.6,10041,10.10.1.6,11141,6968.0118086545435
402.8388202058339,10.10.2.6,10121,10.10.1.12,11195,3388.0422015607396
403.09045672217457,10.10.2.6,10082,10.10.1.8,11093,16376.704778176474
403.12808759113153,10.10.2.6,10049,10.10.1.4,11015,3508.17826855921
403.1535495364451,10.10.2.6,10185,10.10.1.9,11111,1725.7396560786874
403.16452418173384,10.10.2.6,10107,10.10.1.2,11090,1593.9934589339744
403.16987209409353,10.10.2.6,10078,10.10.1.13,11074,7638.958349788824
403.3366555403986,10.10.2.6,10013,10.10.1.5,11094,24532.116674126908
403.51558144521516,10.10.2.6,10166,10.10.1.10,11158,120417.17729470412
403.61422298128196,10.10.2.6,10085,10.10.1.7,11150,11869.693033475716
403.7181368683578,10.10.2.6,10004,10.10.1.15,11105,6616.635559839056
404.0723365571856,10.10.2.6,10000,10.10.1.11,11068,9685.878423713899
404.2606386987748,10.10.2.6,10085,10.10.1.8,11162,2686.0313290310933
404.27477362847765,10.10.2.6,10129,10.10.1.11,11065,11282.100227411069
404.2927799978354,10.10.2.6,10081,10.10.1.5,11069,37251932.12199609
404.3802274305685,10.10.2.6,10193,10.10.1.1,11182,8788.461946583122
404.65345219676925,10.10.2.6,10102,10.10.1.8,11091,99923402.41644304
404.68916940153025,10.10.2.6,10048,10.10.1.1,11161,30827.29977638081
404.74044805375,10.10.2.6,10029,10.10.1.8,11008,64730.54426825364
404.7486220212377,10.10.2.6,10072,10.10.1.15,11000,21386.82591740265
404.90711145237594,10.10.2.6,10135,10.10.1.14,11052,2114.5491341852767
405.1970143304312,10.10.2.6,10153,10.10.1.9,11181,2045.8703426686309
405.26127346651845,10.10.2.6,10157,10.10.1.14,11047,11203.925779367491
405.5897268453796,10.10.2.6,10064,10.10.1.11,11032,38126.32929624126
405.6606739849608,10.10.2.6,10181,10.10.1.5,11169,111684472.02425724
405.68821032514313,10.10.2.6,10164,10.10.1.10,11128,49724925.55331576
405.75923775793194,10.10.2.6,10087,10.10.1.3,11043,1962.2422526696835
405.76072960951467,10.10.2.6,10130,10.10.1.9,11026,4751634.313436868
405.8045732328674,10.10.2.6,10109,10.10.1.9,11079,3097.9415149041974
405.86454039772957,10.10.2.6,10109,10.10.1.2,11155,9338.496233146863
405.94442177946985,10.10.2.6,10038,10.10.1.9,11032,45755.248931625574
406.10673384598266,10.10.2.6,10036,10.10.1.9,11111,32254.80847049374
406.1442258515082,10.10.2.6,10107,10.10.1.16,11028,6504.219600900384
406.15559722305943,10.10.2.6,10069,10.10.1.9,11047,9745.542670730945
406.20262278810355,10.10.2.6,10160,10.10.1.5,11153,1087039.8579285734
406.2137843775755,10.10.2.6,10138,10.10.1.13,11067,88109.74766942237
406.2294082984849,10.10.2.6,10078,10.10.1.11,11051,94236.74851627833
406.2441525855534,10.10.2.6,10141,10.10.1.6,11167,6808.822092342315
406.32942543217797,10.10.2.6,10146,10.10.1.15,11179,7755852.490578615
406.4127964043518,10.10.2.6,10095,10.10.1.14,11111,2488.954640469576
406.4607131467625,10.10.2.6,10130,10.10.1.8,11018,2264.004670680099
406.65706369024826,10.10.2.6,10166,10.10.1.13,11056,32115.695147545553
406.75898197780225,10.10.2.6,10159,10.10.1.7,11045,2427.583594846887
406.7690578550605,10.10.2.6,10086,10.10.1.1,11048,8888.4492105861
406.87483181305447,10.10.2.6,10176,10.10.1.1,11058,6829.23923884571
407.01393324600093,10.10.2.6,10150,10.10.1.3,11191,15265.817384218788
407.23207579229296,10.10.2.6,10101,10.10.1.16,11098,38097415.10572219
407.3585866679784,10.10.2.6,10165,10.10.1.14,11022,1701.2660585585443
407.82609253588726,10.10.2.6,10073,10.10.1.15,11035,537972.3485075808
407.9105498149975,10.10.2.6,10034,10.10.1.13,11197,10412.967685898624
407.94164713523065,10.10.2.6,10119,10.10.1.9,11147,3118.6264109149083
408.0095064076993,10.10.2.6,10039,10.10.1.1,11030,7540.603465868444
408.0472735178189,10.10.2.6,10008,10.10.1.14,11051,3001.318573527321
408.1308146011077,10.10.2.6,10090,10.10.1.15,11061,2480.0786717957285
408.2248066083549,10.10.2.6,10135,10.10.1.15,11126,60611.88797033712
408.4756946869683,10.10.2.6,10188,10.10.1.7,11180,61672.55944599544
408.6457681978707,10.10.2.6,10064,10.10.1.14,11072,33223.07152246967
408.8381192314575,10.10.2.6,10130,10.10.1.12,11164,5006846.932869751
408.9535726083778,10.10.2.6,10175,10.10.1.7,11173,7861.148241525096
409.07971523026265,10.10.2.6,10087,10.10.1.14,11112,97549058.02210738
409.0866403062952,10.10.2.6,10068,10.10.1.8,11013,45187198.28704173
409.1807995903759,10.10.2.6,10103,10.10.1.3,11003,5156.285178914185
409.2762396274512,10.10.2.6,10130,10.10.1.9,11169,3079.7417393797236
409.2769186412157,10.10.2.6,10025,10.10.1.9,11040,6497.531961138396
409.4081128508081,10.10.2.6,10042,10.10.1.1,11051,35277.6254483474
409.50079207877644,10.10.2.6,10036,10.10.1.14,11059,19003.19342681204
409.53029570577473,10.10.2.6,10030,10.10.1.11,11011,33156884.10711937
409.9037412927966,10.10.2.6,10123,10.10.1.4,11046,16114.336916216464
409.96334971884903,10.10.2.6,10122,10.10.1.12,11040,32015.504186968665
410.0209149017897,10.10.2.6,10198,10.10.1.16,11017,49303.560080021656
410.04687289732357,10.10.2.6,10026,10.10.1.10,11119,6151206.919687739
410.1613548084349,10.10.2.6,10159,10.10.1.6,11067,2316.9789588938324
410.21511526155825,10.10.2.6,10159,10.10.1.11,11001,4640.911046239459
410.2549245297139,10.10.2.6,10015,10.10.1.10,11011,30642274.643262252
410.31123110851246,10.10.2.6,10171,10.10.1.14,11126,25444.983772473526
410.330895374868,10.10.2.6,10141,10.10.1.10,11001,247883.40998302054
410.46685023238257,10.10.2.6,10094,10.10.1.15,11135,3503.385418306431
410.57209417434365,10.10.2.6,10196,10.10.1.7,11055,1698.0202636762479
410.5762095243606,10.10.2.6,10086,10.10.1.13,11136,2273.7112808627535
410.5815009943784,10.10.2.6,10140,10.10.1.11,11075,33344.16217932211
410.6760980275209,10.10.2.6,10138,10.10.1.5,11107,90369.380486271
410.88100815755786,10.10.2.6,10187,10.10.1.15,11165,1570.644011294425
410.89576707922447,10.10.2.6,10151,10.10.1.6,11167,45926979.71103988
410.933919575726,10.10.2.6,10093,10.10.1.12,11116,1825.6334999671717
411.18634925456996,10.10.2.6,10142,10.10.1.14,11062,1991.2123184975876
411.1883613130778,10.10.2.6,10046,10.10.1.13,11056,1789.1161217524793
411.2466133164625,10.10.2.6,10188,10.10.1.5,11045,1568.505993270161
411.31427645375794,10.10.2.6,10172,10.10.1.7,11064,4446.255187014837
411.41011460741606,10.10.2.6,10188,10.10.1.3,11001,2000.0290809419112
411.45285525701,10.10.2.6,10022,10.10.1.6,11186,93402.66778440207
411.5592705585992,10.10.2.6,10035,10.10.1.7,11139,24448.16068238685
411.75459316942676,10.10.2.6,10097,10.10.1.3,11040,942215780.8576686
411.8281509692779,10.10.2.6,10155,10.10.1.3,11056,4066229.5636332612
411.89190788779166,10.10.2.6,10099,10.10.1.3,11063,8856.057393824653
411.9006892788722,10.10.2.6,10024,10.10.1.5,11054,45772.7653093847
411.93227673773055,10.10.2.6,10123,10.10.1.10,11119,6059094.521250118
411.99494411383733,10.10.2.6,10001,10.10.1.11,11037,5390880.687155745
412.12705377403137,10.10.2.6,10146,10.10.1.15,11005,2017.3144447603447
412.19850632635433,10.10.2.6,10080,10.10.1.10,11025,30082.686147320634
412.3546223991642,10.10.2.6,10195,10.10.1.11,11012,16083.12769555471
412.5263731559946,10.10.2.6,10097,10.10.1.10,11115,93707.10165023361
412.531923783605,10.10.2.6,10020,10.10.1.9,11182,4366.491051375222
412.56533151057886,10.10.2.6,10153,10.10.1.15,11197,9260.957607957751
412.67867333077413,10.10.2.6,10063,10.10.1.6,11087,39704003.71690507
412.76626935110767,10.10.2.6,10051,10.10.1.11,11079,3262.5620377417276
412.7665497952174,10.10.2.6,10029,10.10.1.3,11072,1879.7122589800133
412.8881353155587,10.10.2.6,10041,10.10.1.9,11137,5726263.598023086
413.3089124773854,10.10.2.6,10168,10.10.1.12,11001,22563.89353942854
413.34593640304576,10.10.2.6,10089,10.10.1.16,11114,1911.4383929871026
413.47951729941786,10.10.2.6,10012,10.10.1.6,11093,7643.638734599764
413.5031446598295,10.10.2.6,10070,10.10.1.11,11001,3166.944605788023
413.51583721566533,10.10.2.6,10001,10.10.1.14,11057,63196.42833751442
413.58892659744777,10.10.2.6,10112,10.10.1.13,11160,63448.78164035317
413.6867136088687,10.10.2.6,10073,10.10.1.15,11108,1032739098.252845
413.7211878098402,10.10.2.6,10145,10.10.1.5,11002,3665.1902231662953
413.73253277361096,10.10.2.6,10177,10.10.1.1,11089,32967.5583628002
413.7741933094631,10.10.2.6,10114,10.10.1.3,11102,47652487.889967956
414.0568056075843,10.10.2.6,10015,10.10.1.8,11157,48783.1784352912
414.29898810406786,10.10.2.6,10088,10.10.1.10,11042,162489.32696112574
414.3449396471651,10.10.2.6,10074,10.10.1.13,11101,112880.90806373287
414.4560768522916,10.10.2.6,10073,10.10.1.11,11115,38589.40521587557
414.6932697881083,10.10.2.6,10172,10.10.1.5,11047,9012.606501848739
414.7058375560662,10.10.2.6,10093,10.10.1.6,11139,3574.5669648753615
414.74127992839846,10.10.2.6,10081,10.10.1.8,11142,84424.6885099711
414.74934682198364,10.10.2.6,10038,10.10.1.4,11059,2002.5556052270977
414.88528000874595,10.10.2.6,10084,10.10.1.10,11120,37462.06864292129
414.93977872712543,10.10.2.6,10026,10.10.1.16,11160,617373.1490787894
415.18585121879664,10.10.2.6,10036,10.10.1.16,11054,22092.257653772183
415.18770462650144,10.10.2.6,10132,10.10.1.11,11125,59753.091885793314
415.20544465968,10.10.2.6,10127,10.10.1.15,11190,21762.408911262395
415.26473782395556,10.10.2.6,10059,10.10.1.15,11027,46944.516658291934
415.2743244519268,10.10.2.6,10116,10.10.1.6,11141,33110024.809549935
415.39415802510047,10.10.2.6,10187,10.10.1.15,11096,36178.79890632701
415.43758565557766,10.10.2.6,10048,10.10.1.16,11045,4272.955117589354
415.6464572100041,10.10.2.6,10129,10.10.1.10,11102,47364.1332932806
415.8203289664021,10.10.2.6,10048,10.10.1.15,11038,3419.9903435303518
415.8281588767031,10.10.2.6,10024,10.10.1.1,11083,5170.708004368375
416.04649031640525,10.10.2.6,10063,10.10.1.12,11185,4424.184126308987
416.11287909327837,10.10.2.6,10021,10.10.1.15,11036,46711.531512571324
416.1199322826715,10.10.2.6,10092,10.10.1.15,11037,81715668.85188532
416.1556870673206,10.10.2.6,10192,10.10.1.9,11141,30547.31992890931
416.2132723092035,10.10.2.6,10116,10.10.1.2,11017,10650.399691434597
416.23097758116296,10.10.2.6,10078,10.10.1.10,11056,16481.530788857952
416.3494323395216,10.10.2.6,10106,10.10.1.2,11044,2255.9559310845702
416.42252660349465,10.10.2.6,10113,10.10.1.15,11152,1947.80754428677
416.46175049074895,10.10.2.6,10057,10.10.1.13,11083,1999.3846628230087
416.7056083370157,10.10.2.6,10134,10.10.1.2,11074,5016.519598710378
416.7079471895028,10.10.2.6,10053,10.10.1.2,11026,7464.216974253635
416.81046907957773,10.10.2.6,10031,10.10.1.13,11198,2353.521036691915
417.20815935780973,10.10.2.6,10122,10.10.1.7,11078,22967.064725323835
417.2403926675444,10.10.2.6,10018,10.10.1.1,11060,38885326.79732018
417.46683404533377,10.10.2.6,10193,10.10.1.7,11050,24688.39258180586
417.5933608435292,10.10.2.6,10059,10.10.1.9,11011,35397.07966994076
417.6096303541485,10.10.2.6,10174,10.10.1.9,11164,1863.3148263259118
417.72690875296865,10.10.2.6,10019,10.10.1.7,11105,6268.020202746671
417.7475193757988,10.10.2.6,10084,10.10.1.5,11120,9920.17046030238
417.83306615048537,10.10.2.6,10137,10.10.1.12,11162,35144012.78613567
417.9375180800955,10.10.2.6,10043,10.10.1.2,11062,2722.212698277483
417.9437726453536,10.10.2.6,10172,10.10.1.11,11128,2760.148664651399
417.9754846452691,10.10.2.6,10060,10.10.1.2,11165,7341.829533013818
418.3817595541348,10.10.2.6,10036,10.10.1.8,11055,3287.137579127939
418.3851918154398,10.10.2.6,10109,10.10.1.11,11192,194340.34383552757
418.4188028773062,10.10.2.6,10036,10.10.1.10,11121,6998.009989776508
418.53689482970896,10.10.2.6,10172,10.10.1.8,11132,30462.848761870227
418.8353252683296,10.10.2.6,10073,10.10.1.2,11155,15456.393606891788
419.20763750639657,10.10.2.6,10057,10.10.1.5,11173,31231591.37463965
419.2710006325093,10.10.2.6,10125,10.10.1.2,11087,6986.865226921715
419.31201926138226,10.10.2.6,10147,10.10.1.10,11127,17819.874325991714
419.33461774665864,10.10.2.6,10044,10.10.1.16,11093,21219.135653348756
419.40933722145513,10.10.2.6,10146,10.10.1.3,11057,2463.242225028227
419.4125797255296,10.10.2.6,10165,10.10.1.9,11057,12380.21735822765
419.449798043694,10.10.2.6,10148,10.10.1.1,11099,38441992.10489835
419.516835863045,10.10.2.6,10028,10.10.1.3,11095,5749700.005905547
419.5352532293241,10.10.2.6,10124,10.10.1.13,11177,8199.066769412795
419.5799829929618,10.10.2.6,10125,10.10.1.12,11106,1620.1160528497699
419.6903048849399,10.10.2.6,10162,10.10.1.10,11047,2314.954379035518
419.6972684006307,10.10.2.6,10122,10.10.1.1,11090,135657038.68003216
419.709051265062,10.10.2.6,10141,10.10.1.13,11120,4139.492939196137
419.8332531668616,10.10.2.6,10041,10.10.1.14,11083,1438064515.2215834
419.84383288205873,10.10.2.6,10019,10.10.1.8,11037,20832.115408548096
420.06728716568745,10.10.2.6,10061,10.10.1.14,11010,2366.649945145523
420.0817773102601,10.10.2.6,10193,10.10.1.2,11034,3433.443391771645
420.1179408212666,10.10.2.6,10070,10.10.1.9,11096,30844.088578254017
420.23505153529305,10.10.2.6,10083,10.10.1.7,11194,2481.927944390864
420.2352132901357,10.10.2.6,10184,10.10.1.14,11075,9301.361082128687
420.5112591473594,10.10.2.6,10192,10.10.1.5,11100,3464.1583929390567
420.59974944951813,10.10.2.6,10163,10.10.1.12,11126,2288.6156383899224
420.78852228733496,10.10.2.6,10070,10.10.1.9,11055,49490507.245861635
420.8693339885618,10.10.2.6,10016,10.10.1.6,11153,30938.47731972876
420.88811463283116,10.10.2.6,10005,10.10.1.13,11016,48201.44707735257
420.9144342488783,10.10.2.6,10079,10.10.1.15,11136,7875.7334073324555
420.94761246001497,10.10.2.6,10091,10.10.1.13,11160,27211.366076411443
421.1485991460716,10.10.2.6,10024,10.10.1.9,11055,5849549.31416062
421.27260422229347,10.10.2.6,10168,10.10.1.8,11010,17822.73729250227
421.3209275587669,10.10.2.6,10036,10.10.1.15,11084,44423.18157563469
421.40107495468027,10.10.2.6,10194,10.10.1.5,11088,1607.9325259653474
421.4017944348506,10.10.2.6,10072,10.10.1.1,11105,47966.08867043047
421.4216142137031,10.10.2.6,10032,10.10.1.15,11160,2592.4007740674683
421.48839855719626,10.10.2.6,10085,10.10.1.13,11006,1880.0552515433167
421.77258618155804,10.10.2.6,10142,10.10.1.4,11040,2276.846499300934
421.9085338456205,10.10.2.6,10162,10.10.1.9,11188,12319.764563277504
421.9315380337458,10.10.2.6,10114,10.10.1.16,11061,117223.64935278888
422.1306342305988,10.10.2.6,10020,10.10.1.6,11097,5105099.496818876
422.1320762067662,10.10.2.6,10193,10.10.1.5,11120,6629.0511478356275
422.1938156618421,10.10.2.6,10060,10.10.1.1,11053,6059.1593064578365
422.38748852840183,10.10.2.6,10071,10.10.1.13,11057,12295.552603432046
422.4068656722827,10.10.2.6,10015,10.10.1.6,11126,80994.17953612338
422.5630234691889,10.10.2.6,10062,10.10.1.6,11013,32973.68705086551
422.67708817185763,10.10.2.6,10067,10.10.1.8,11125,74512.04246689734
422.84189144214827,10.10.2.6,10147,10.10.1.9,11168,2521.7312524243057
422.8530709071204,10.10.2.6,10074,10.10.1.14,11130,49802.81799804229
422.91263848163743,10.10.2.6,10091,10.10.1.16,11155,2984.4338799831785
423.05260271779144,10.10.2.6,10137,10.10.1.5,11123,2627.3771006331554
423.3054449428572,10.10.2.6,10036,10.10.1.15,11142,117055563.55030985
423.3486605813939,10.10.2.6,10092,10.10.1.10,11097,44484.43427525083
423.35577175751297,10.10.2.6,10028,10.10.1.15,11147,1798.9180695854368
423.5106739749994,10.10.2.6,10005,10.10.1.1,11130,6145.624135308098
423.52672027951246,10.10.2.6,10136,10.10.1.8,11185,2272.342122412192
423.64342551932634,10.10.2.6,10065,10.10.1.12,11166,12066.156949814707
423.83087682683237,10.10.2.6,10005,10.10.1.6,11079,31359.73695131543
423.92700403722046,10.10.2.6,10183,10.10.1.12,11103,24515.42949831584
423.9510101152637,10.10.2.6,10002,10.10.1.6,11066,20899.99201106602
423.9728695273802,10.10.2.6,10030,10.10.1.16,11106,15981.761405082609
424.02362254213267,10.10.2.6,10195,10.10.1.8,11114,64330.334129969546
424.0307526980622,10.10.2.6,10081,10.10.1.7,11153,25418.70160175675
424.1072568310036,10.10.2.6,10169,10.10.1.4,11124,3483.898049276854
424.12599377136206,10.10.2.6,10124,10.10.1.4,11003,6727.962150317048
424.17725683206646,10.10.2.6,10170,10.10.1.1,11131,8085.6811617284775
424.17969834426145,10.10.2.6,10117,10.10.1.10,11031,41871.95662739959
424.20781526989936,10.10.2.6,10000,10.10.1.2,11128,1971.487927368525
424.22527369532673,10.10.2.6,10129,10.10.1.7,11079,4614.758608362226
424.284580760493,10.10.2.6,10138,10.10.1.8,11101,23498.73281525013
424.4603307499698,10.10.2.6,10042,10.10.1.5,11079,2761.522392778802
424.5791959865267,10.10.2.6,10111,10.10.1.1,11167,3611.276521422458
424.59462361954206,10.10.2.6,10020,10.10.1.15,11174,35611.572196594774
424.6646268077638,10.10.2.6,10140,10.10.1.3,11078,5782501.265965541
424.684199373679,10.10.2.6,10096,10.10.1.10,11088,33342.65343693148
424.8121291871913,10.10.2.6,10104,10.10.1.14,11153,21330.66323239076
424.8570123589908,10.10.2.6,10027,10.10.1.14,11038,1545.6718770666364
424.9659671214247,10.10.2.6,10159,10.10.1.3,11066,12124.14152307339
425.0338620376144,10.10.2.6,10116,10.10.1.4,11061,41815222.22643638
425.09388516602695,10.10.2.6,10062,10.10.1.3,11048,34617.68122424978
425.24854718493594,10.10.2.6,10064,10.10.1.7,11045,2274.655495716375
425.2987880818344,10.10.2.6,10037,10.10.1.1,11184,44066.41183111674
425.31668166494535,10.10.2.6,10046,10.10.1.12,11071,89414196.88661568
425.3906055645346,10.10.2.6,10111,10.10.1.4,11057,4058.1870789386358
425.51799386124685,10.10.2.6,10087,10.10.1.1,11002,2311.4708935527965
425.57161858593065,10.10.2.6,10081,10.10.1.8,11090,21781.933243740306
425.74878660387355,10.10.2.6,10104,10.10.1.13,11087,24346.02624941278
425.7622900336095,10.10.2.6,10196,10.10.1.4,11058,23813.765257054514
425.8132102179242,10.10.2.6,10075,10.10.1.6,11197,37582801.81198068
425.98907317880037,10.10.2.6,10016,10.10.1.16,11063,4633.5786014202695
426.05759297173597,10.10.2.6,10172,10.10.1.12,11056,5573.346235168129
426.1483974231468,10.10.2.6,10163,10.10.1.6,11047,3904008.8901193542
426.22345536426195,10.10.2.6,10101,10.10.1.8,11146,8125.003893795123
426.2477569074253,10.10.2.6,10146,10.10.1.1,11146,12240.736464896447
426.3448681497043,10.10.2.6,10180,10.10.1.4,11142,4253663587.734462
426.3498663753763,10.10.2.6,10104,10.10.1.7,11012,6771.056423411049
426.47832040641816,10.10.2.6,10170,10.10.1.7,11038,15454.001955324637
426.50660195006316,10.10.2.6,10122,10.10.1.5,11103,4375.3839454768595
426.5489849473028,10.10.2.6,10155,10.10.1.5,11192,7104.438955685963
426.61120163712076,10.10.2.6,10052,10.10.1.6,11009,11480.409421834516
426.7279850360415,10.10.2.6,10158,10.10.1.8,11089,36202497.05792462
426.8424740096995,10.10.2.6,10177,10.10.1.1,11071,25249.8781808792
426.8616520439172,10.10.2.6,10091,10.10.1.9,11120,4758406.9032234885
426.9087227033019,10.10.2.6,10047,10.10.1.15,11010,18735.024429496167
427.023520054988,10.10.2.6,10081,10.10.1.7,11193,4293331.266423293
427.11668725361886,10.10.2.6,10145,10.10.1.8,11132,2398.612818580773
427.1499574887726,10.10.2.6,10126,10.10.1.7,11154,15794.11990302733
427.3063549632852,10.10.2.6,10005,10.10.1.12,11124,35209.67540879755
427.3760760387241,10.10.2.6,10196,10.10.1.2,11107,25833.353791013717
427.4309003777486,10.10.2.6,10051,10.10.1.5,11068,4359891.663448972
427.43644047351864,10.10.2.6,10093,10.10.1.14,11193,3923.568041808074
427.45619009077456,10.10.2.6,10051,10.10.1.10,11166,88466.52539872713
427.4660666869621,10.10.2.6,10026,10.10.1.4,11107,54553.834054052524
427.6205399172512,10.10.2.6,10029,10.10.1.8,11058,69000.66516523865
427.64642844316995,10.10.2.6,10056,10.10.1.15,11104,9790.375056597632
427.86936617569694,10.10.2.6,10153,10.10.1.1,11130,3702.60239428062
428.0005995110114,10.10.2.6,10125,10.10.1.16,11152,38882.89929983315
428.04448221996745,10.10.2.6,10140,10.10.1.1,11025,2463.278813288091
428.0584967124687,10.10.2.6,10050,10.10.1.11,11004,24473.243817964834
428.0868481736678,10.10.2.6,10013,10.10.1.8,11166,35303298.518034235
428.1694162417575,10.10.2.6,10025,10.10.1.3,11160,956378.9772651116
428.38911038321805,10.10.2.6,10095,10.10.1.9,11037,34959.378963902025
428.4154765263856,10.10.2.6,10026,10.10.1.3,11146,34878.65234312849
428.54429786299954,10.10.2.6,10085,10.10.1.8,11164,93622106.78247812
428.55486837200857,10.10.2.6,10175,10.10.1.1,11030,3065.0361913121183
428.6487797040626,10.10.2.6,10170,10.10.1.3,11128,9239291.407575635
428.7718013199101,10.10.2.6,10194,10.10.1.7,11157,19190.147817182864
428.922765564502,10.10.2.6,10174,10.10.1.15,11077,2281.927577082105
428.93579619214876,10.10.2.6,10085,10.10.1.10,11107,1676.057767765622
428.9606740631825,10.10.2.6,10001,10.10.1.12,11091,17488.603817426127
428.991404669968,10.10.2.6,10102,10.10.1.9,11164,9074.105214867437
429.05319505310877,10.10.2.6,10000,10.10.1.2,11112,9520.26565672731
429.1545261864937,10.10.2.6,10164,10.10.1.3,11129,2483.73229888913
429.27332686518554,10.10.2.6,10044,10.10.1.16,11162,11984.266892442813
429.4458603068272,10.10.2.6,10062,10.10.1.7,11065,11901.333973836123
429.46077520654933,10.10.2.6,10198,10.10.1.2,11145,1551.7082916510121
429.4699863912627,10.10.2.6,10104,10.10.1.1,11118,523634.609142426
429.4820609241367,10.10.2.6,10178,10.10.1.10,11125,5553483.674614306
429.51579104538115,10.10.2.6,10158,10.10.1.9,11109,1753.3609943878898
429.5615463926611,10.10.2.6,10116,10.10.1.2,11107,1919.7765236050734
429.69773171751984,10.10.2.6,10193,10.10.1.2,11057,8630.612117794046
429.7161100689424,10.10.2.6,10091,10.10.1.1,11189,2131.010947702462
429.77113327218535,10.10.2.6,10098,10.10.1.7,11124,6378.591551334175
429.88104217632684,10.10.2.6,10003,10.10.1.14,11069,2067.1825193994932
429.9394165818716,10.10.2.6,10097,10.10.1.1,11000,9356.208342482534
429.98467571526396,10.10.2.6,10171,10.10.1.1,11074,21396.31857673742
430.02433956523197,10.10.2.6,10170,10.10.1.3,11077,15842.090771287996
430.0320882427343,10.10.2.6,10193,10.10.1.1,11046,4504459.098737986
430.073810102193,10.10.2.6,10071,10.10.1.9,11166,3653.0581460244493
430.1858023187688,10.10.2.6,10140,10.10.1.3,11180,6795.309312132172
430.2344007025421,10.10.2.6,10139,10.10.1.8,11090,3209.1726042178707
430.25201417525716,10.10.2.6,10042,10.10.1.13,11087,1226771879.2977517
430.28678562259876,10.10.2.6,10065,10.10.1.1,11162,121400.05837322147
430.4091543081886,10.10.2.6,10193,10.10.1.3,11111,2473.7200477655697
430.4519735769169,10.10.2.6,10082,10.10.1.14,11147,12201.755603546206
430.4554457079902,10.10.2.6,10023,10.10.1.3,11174,1592.1622128093504
430.5085651492777,10.10.2.6,10178,10.10.1.10,11190,1404694709.9483757
430.7494940725673,10.10.2.6,10069,10.10.1.3,11025,4230322.234274541
430.89114433932826,10.10.2.6,10090,10.10.1.3,11011,2466.522424930595
430.9930856546508,10.10.2.6,10100,10.10.1.12,11039,1727.0888426600904
431.07222946710027,10.10.2.6,10123,10.10.1.1,11183,4433679.479732153
431.39674530994904,10.10.2.6,10152,10.10.1.12,11095,124432.06972080487
431.4244710345047,10.10.2.6,10167,10.10.1.13,11113,9967.001032947031
431.4686653158424,10.10.2.6,10090,10.10.1.16,11069,5093367.206802169
431.4947433228318,10.10.2.6,10058,10.10.1.8,11082,76904.2722549302
431.5009470277007,10.10.2.6,10064,10.10.1.14,11148,3843756.696682956
431.67109022656547,10.10.2.6,10108,10.10.1.7,11073,20301.46907915894
431.8177571496495,10.10.2.6,10011,10.10.1.12,11179,3210.1420717956103
431.8242084079296,10.10.2.6,10126,10.10.1.9,11065,9935762.273937989
431.8605967322463,10.10.2.6,10126,10.10.1.3,11033,60197.35619340004
431.863663033248,10.10.2.6,10162,10.10.1.16,11173,59736.46077334409
431.9233760520778,10.10.2.6,10022,10.10.1.14,11164,24470.53553893129
431.95066895442005,10.10.2.6,10092,10.10.1.3,11062,9704.824916351085
432.0119129211502,10.10.2.6,10099,10.10.1.2,11132,1576.639152288407
432.226099819192,10.10.2.6,10180,10.10.1.7,11098,3471.660638554764
432.3557848837926,10.10.2.6,10080,10.10.1.3,11026,27438.36329258094
432.6538499271562,10.10.2.6,10146,10.10.1.16,11083,2463.4944969573203
432.78410282123247,10.10.2.6,10060,10.10.1.4,11107,123313.81725511095
432.80029289014146,10.10.2.6,10162,10.10.1.7,11038,4129.844313393481
432.88484641104293,10.10.2.6,10017,10.10.1.6,11176,1598.8662580825005
432.9031563530367,10.10.2.6,10175,10.10.1.8,11087,5414.826322585009
433.0562308082105,10.10.2.6,10006,10.10.1.16,11165,102855.5266151846
433.237266986683,10.10.2.6,10080,10.10.1.3,11139,4712.15190396245
433.3312298000148,10.10.2.6,10164,10.10.1.15,11023,2760.3149804822883
433.40322779154803,10.10.2.6,10188,10.10.1.9,11129,123863532.37532033
433.47359096327267,10.10.2.6,10117,10.10.1.7,11151,1397713317.0487738
433.6104901172931,10.10.2.6,10089,10.10.1.4,11101,4793140.510642599
433.6773606661263,10.10.2.6,10004,10.10.1.16,11067,24036.511074960796
433.7975483384624,10.10.2.6,10001,10.10.1.1,11020,6197450433.551909
433.8039010452077,10.10.2.6,10100,10.10.1.9,11064,21232.189505708797
433.863244698978,10.10.2.6,10099,10.10.1.2,11174,6641.031606546362
433.8771431540057,10.10.2.6,10014,10.10.1.14,11011,1214353457.8937113
433.93558147654204,10.10.2.6,10131,10.10.1.2,11144,34737.45946295655
433.94008792640994,10.10.2.6,10109,10.10.1.9,11007,5442427.365825048
434.17256921278675,10.10.2.6,10105,10.10.1.11,11131,22247.604134386027
434.18787220963276,10.10.2.6,10035,10.10.1.10,11074,3741.0812552581056
434.3164667343806,10.10.2.6,10108,10.10.1.14,11184,24172.328589986053
434.33995525697384,10.10.2.6,10064,10.10.1.10,11062,47645.0204941087
434.42676614720926,10.10.2.6,10192,10.10.1.5,11021,152353.20148905553
434.5355241778712,10.10.2.6,10191,10.10.1.9,11131,9277.692363949338
434.6142921248906,10.10.2.6,10041,10.10.1.16,11146,32222.282640513222
434.62284019028,10.10.2.6,10090,10.10.1.16,11130,856091.6758599371
434.6804494283568,10.10.2.6,10178,10.10.1.6,11110,47987898.709659874
434.7642656366,10.10.2.6,10163,10.10.1.11,11194,9544.038659529258
434.9122957473349,10.10.2.6,10054,10.10.1.7,11049,9614.901497469538
434.9948217482289,10.10.2.6,10001,10.10.1.6,11179,2109.9720938519145
435.13886740483593,10.10.2.6,10077,10.10.1.5,11011,24684.433709872756
435.33360721750773,10.10.2.6,10059,10.10.1.10,11166,2651.797293802584
435.3387701876012,10.10.2.6,10182,10.10.1.2,11197,4265.491907429293
435.5061465649502,10.10.2.6,10051,10.10.1.1,11147,23584.00673957028
435.5490022110359,10.10.2.6,10099,10.10.1.9,11045,25155.14380223484
435.77482195699105,10.10.2.6,10011,10.10.1.11,11039,900886.3128237564
435.8859353099765,10.10.2.6,10186,10.10.1.3,11000,3391.134375788127
435.92601829338514,10.10.2.6,10033,10.10.1.2,11194,4687368.924702455
435.9373166864785,10.10.2.6,10045,10.10.1.10,11160,3067.0017435871473
436.43539289679524,10.10.2.6,10106,10.10.1.1,11158,602300.5362015704
436.87277528071866,10.10.2.6,10050,10.10.1.2,11174,179131.0511641934
436.9790547171199,10.10.2.6,10196,10.10.1.12,11187,2185.040065757192
437.0391380545087,10.10.2.6,10162,10.10.1.3,11183,4214812.752716878
437.0653594541785,10.10.2.6,10157,10.10.1.4,11144,3053.6507049872052
437.2141841447475,10.10.2.6,10154,10.10.1.16,11012,61930.44253487641
437.2764241944578,10.10.2.6,10079,10.10.1.6,11172,10104.456430930988
437.27678372111114,10.10.2.6,10074,10.10.1.7,11000,3226.547902627887
437.2841886000565,10.10.2.6,10006,10.10.1.14,11110,1824.9099067733637
437.44950330576984,10.10.2.6,10150,10.10.1.14,11022,7011.697536603784
437.5178737141582,10.10.2.6,10095,10.10.1.5,11159,5159.321579101593
437.55428409726227,10.10.2.6,10068,10.10.1.13,11180,2789.215334689297
437.573845919343,10.10.2.6,10123,10.10.1.12,11023,3606.734239315532
437.5832443638767,10.10.2.6,10048,10.10.1.9,11129,76147.07434772972
437.78754483663533,10.10.2.6,10010,10.10.1.2,11161,6907.216613013416
437.82012314862305,10.10.2.6,10032,10.10.1.13,11151,1655.1898448652028
438.0743255645215,10.10.2.6,10040,10.10.1.5,11131,5615.089623201418
438.0785463626744,10.10.2.6,10086,10.10.1.8,11114,4527308.073374761
438.1858087681187,10.10.2.6,10142,10.10.1.14,11106,2899.702844638994
438.4541697386701,10.10.2.6,10006,10.10.1.16,11190,76813.95386123504
438.4638770552114,10.10.2.6,10056,10.10.1.7,11117,2155.0242254434906
438.59149045944235,10.10.2.6,10060,10.10.1.7,11114,1670685726.0446494
438.64017646268684,10.10.2.6,10055,10.10.1.8,11030,118334.3049469658
438.7088336487759,10.10.2.6,10143,10.10.1.12,11094,77381.81470908372
438.7522277014269,10.10.2.6,10140,10.10.1.13,11145,41761.01738457741
438.7750639059348,10.10.2.6,10146,10.10.1.7,11100,22877.75515397938
438.8585356935743,10.10.2.6,10113,10.10.1.10,11141,113344.75616691369
438.9098481691253,10.10.2.6,10058,10.10.1.8,11037,28783.584122987537
438.9425270937906,10.10.2.6,10083,10.10.1.11,11042,29264.257418997684
439.06104330115306,10.10.2.6,10072,10.10.1.15,11130,472409.30013501394
439.1367441194972,10.10.2.6,10091,10.10.1.9,11111,33022.4542326753
439.20988590932586,10.10.2.6,10080,10.10.1.10,11196,84636.84865750812
439.29223787797906,10.10.2.6,10175,10.10.1.2,11011,6552.619974918897
439.4114577916613,10.10.2.6,10131,10.10.1.16,11017,5365432.0126773715
439.7733380679483,10.10.2.6,10145,10.10.1.15,11087,113969.75293258666
440.0323145850397,10.10.2.6,10049,10.10.1.5,11107,6787.742294288148
440.0960176171487,10.10.2.6,10017,10.10.1.4,11158,15381.392665248939
440.14587071190806,10.10.2.6,10148,10.10.1.1,11059,12113621.840329511
440.15894962985715,10.10.2.6,10075,10.10.1.10,11038,8020.13945845174
440.20297553971983,10.10.2.6,10048,10.10.1.4,11178,99308570.70510562
440.34760127966916,10.10.2.6,10161,10.10.1.6,11030,1510.5489480617443
440.3784293646515,10.10.2.6,10111,10.10.1.13,11030,20129.189952875906
440.3933838036089,10.10.2.6,10063,10.10.1.15,11162,116105.30780043553
440.680040917561,10.10.2.6,10158,10.10.1.8,11006,5601169.581090657
440.96059934191476,10.10.2.6,10092,10.10.1.11,11022,6374.546442395735
441.16173930069965,10.10.2.6,10090,10.10.1.6,11195,1775.5878581160732
441.29584218934565,10.10.2.6,10140,10.10.1.13,11006,5317.123389014218
441.32317650646115,10.10.2.6,10192,10.10.1.10,11188,4638361.2883793665
441.47221788350595,10.10.2.6,10080,10.10.1.14,11157,30443686.708771028
441.4825008966539,10.10.2.6,10182,10.10.1.14,11194,1161645887.0993452
441.5468177043775,10.10.2.6,10017,10.10.1.2,11074,1174490.2180030036
441.6552117970653,10.10.2.6,10145,10.10.1.3,11018,76643.3412144155
441.66021198493854,10.10.2.6,10187,10.10.1.4,11189,2133.736493109476
441.7383516267842,10.10.2.6,10139,10.10.1.9,11190,17617.72957008968
441.8669214627,10.10.2.6,10067,10.10.1.14,11108,97356256.03869373
441.95853412162126,10.10.2.6,10006,10.10.1.10,11109,2226.1219317303294
442.000196169353,10.10.2.6,10164,10.10.1.3,11197,101509.025547931
442.1253732298686,10.10.2.6,10150,10.10.1.11,11184,2359.664406316731
442.1826013553509,10.10.2.6,10017,10.10.1.4,11137,3639.183816997029
442.2632685282195,10.10.2.6,10151,10.10.1.16,11136,23417.362987762495
442.3232302333534,10.10.2.6,10105,10.10.1.10,11170,5472008.641121961
442.44376635176246,10.10.2.6,10156,10.10.1.6,11039,5961979.861241213
442.45310045403534,10.10.2.6,10099,10.10.1.3,11011,7993.288729376269
442.45559166207255,10.10.2.6,10153,10.10.1.12,11190,4665.4343771933145
442.57959861360183,10.10.2.6,10000,10.10.1.9,11169,1538.4959509596567
442.5886480786938,10.10.2.6,10065,10.10.1.7,11100,35961.83120469351
442.590812956863,10.10.2.6,10112,10.10.1.2,11005,71696.18712199896
442.6566347077886,10.10.2.6,10093,10.10.1.14,11107,2027.7847401554914
442.66422548662985,10.10.2.6,10156,10.10.1.9,11184,6056703.351410404
442.68904245672235,10.10.2.6,10134,10.10.1.7,11166,2291.5196128833268
442.90939842364736,10.10.2.6,10069,10.10.1.16,11068,19410.693537761425
442.932490489853,10.10.2.6,10166,10.10.1.9,11034,6799.82129001034
443.0690711816474,10.10.2.6,10042,10.10.1.2,11175,19205.680834139945
443.1471590531184,10.10.2.6,10186,10.10.1.3,11076,2426.4043315143726
443.15782646633795,10.10.2.6,10158,10.10.1.1,11044,69744.07035677868
443.2451526867239,10.10.2.6,10037,10.10.1.4,11097,4967.009793521085
443.29846979123243,10.10.2.6,10046,10.10.1.13,11107,71010613.4780541
443.4620194689244,10.10.2.6,10103,10.10.1.9,11174,45619.987139695055
443.48019087902594,10.10.2.6,10008,10.10.1.9,11094,6020.740810645482
443.6299698412417,10.10.2.6,10151,10.10.1.11,11066,69430.34553690173
443.7239659439796,10.10.2.6,10160,10.10.1.13,11107,65034.74279424733
443.7742683567531,10.10.2.6,10028,10.10.1.9,11128,4978.529285327924
443.85903216628265,10.10.2.6,10163,10.10.1.1,11118,8481.91045482922
443.9453939342869,10.10.2.6,10055,10.10.1.13,11011,4781309.549296961
443.95016781916985,10.10.2.6,10109,10.10.1.6,11039,8589872.477103775
444.0386682078463,10.10.2.6,10054,10.10.1.4,11066,22366.290809172853
444.2282093110377,10.10.2.6,10015,10.10.1.4,11079,6560.059282326604
444.3103080215684,10.10.2.6,10000,10.10.1.8,11107,5535873.738996846
444.5936618532255,10.10.2.6,10044,10.10.1.12,11061,135078660.02699435
444.6157938109755,10.10.2.6,10132,10.10.1.1,11014,29683.3341451077
444.62835923001904,10.10.2.6,10079,10.10.1.15,11096,2052.3920110484755
444.7231536239585,10.10.2.6,10052,10.10.1.4,11154,1638.337043230993
444.8350687986931,10.10.2.6,10153,10.10.1.13,11003,4891.027664859423
444.90254048055647,10.10.2.6,10166,10.10.1.3,11085,4491466.622835287
444.939197195381,10.10.2.6,10179,10.10.1.13,11099,16671.46536156298
445.00778686489343,10.10.2.6,10118,10.10.1.6,11138,23070.680246963224
445.2145730233601,10.10.2.6,10122,10.10.1.9,11163,6919.813233103947
445.3360761073741,10.10.2.6,10088,10.10.1.8,11167,5977986.966304882
445.4692306465493,10.10.2.6,10177,10.10.1.10,11169,6950.990850034285
445.46934468114017,10.10.2.6,10021,10.10.1.13,11049,18910.464920175247
445.58395392449575,10.10.2.6,10175,10.10.1.8,11182,3388.87566653985
445.62228478906053,10.10.2.6,10013,10.10.1.9,11075,21106.134320117173
445.736920955677,10.10.2.6,10040,10.10.1.4,11182,1791.127923269892
445.7661897498158,10.10.2.6,10011,10.10.1.4,11041,5275.2782466963245
445.8922327200164,10.10.2.6,10171,10.10.1.2,11117,31410.128538775694
446.00583268294224,10.10.2.6,10081,10.10.1.7,11160,61105.45923732508
446.2657316182773,10.10.2.6,10042,10.10.1.4,11117,199743.2262626656
446.2991506705988,10.10.2.6,10182,10.10.1.12,11031,30648.077360445197
446.5174966084815,10.10.2.6,10080,10.10.1.11,11086,1391006303.19237
446.61118530024385,10.10.2.6,10097,10.10.1.8,11087,7126.195271165817
446.7662026438763,10.10.2.6,10090,10.10.1.6,11092,3864224.2616957324
446.88739735540486,10.10.2.6,10061,10.10.1.7,11113,9178.833939293674
446.96450438281227,10.10.2.6,10080,10.10.1.14,11152,15563.339642648585
447.1130730048074,10.10.2.6,10145,10.10.1.1,11107,8543.48303267221
447.24177119572505,10.10.2.6,10104,10.10.1.4,11099,35057775.770356335
447.28566344548466,10.10.2.6,10071,10.10.1.7,11067,6104.375649134463
447.3717241824718,10.10.2.6,10120,10.10.1.16,11026,7115.241491161864
447.68435851838234,10.10.2.6,10171,10.10.1.7,11160,23292.165278399196
447.70168697474,10.10.2.6,10123,10.10.1.7,11130,103914.83842312639
447.8211224519882,10.10.2.6,10109,10.10.1.11,11003,102054.59283822567
447.91986453881805,10.10.2.6,10012,10.10.1.14,11188,27825.86362660626
447.9376396497098,10.10.2.6,10160,10.10.1.7,11193,104106.7894403159
448.05140203299175,10.10.2.6,10020,10.10.1.3,11040,54015.2753693754
448.0706823509481,10.10.2.6,10015,10.10.1.8,11123,5101.857671437994
448.07184183244027,10.10.2.6,10112,10.10.1.13,11012,4849.683036127075
448.1489880078071,10.10.2.6,10162,10.10.1.11,11135,2467.321477637386
448.3845920373963,10.10.2.6,10078,10.10.1.13,11134,16308.82538984579
448.4043510780032,10.10.2.6,10149,10.10.1.11,11151,5306035.535190781
448.5327167191386,10.10.2.6,10088,10.10.1.4,11016,465064.5613081403
448.55141797506633,10.10.2.6,10179,10.10.1.15,11152,4973.615175574425
448.5556010732514,10.10.2.6,10062,10.10.1.11,11043,9179.746750301782
448.8657914544043,10.10.2.6,10070,10.10.1.6,11071,8600.35751281046
448.91534213477547,10.10.2.6,10115,10.10.1.6,11095,69321.1364902012
448.95890559741525,10.10.2.6,10028,10.10.1.11,11020,89180590.07132961
449.1434139759979,10.10.2.6,10166,10.10.1.1,11193,34247.93548244689
449.22084031533757,10.10.2.6,10041,10.10.1.15,11144,3609.2656065394362
449.2263329610538,10.10.2.6,10030,10.10.1.16,11020,21999.469200671665
449.36946582129,10.10.2.6,10155,10.10.1.10,11150,10482.767984349082
449.45123637040405,10.10.2.6,10177,10.10.1.8,11182,2428.4511871982595
449.45870724917813,10.10.2.6,10195,10.10.1.1,11192,42588.67202127733
449.6692267537478,10.10.2.6,10078,10.10.1.6,11014,4672.498359141583
449.6888344263845,10.10.2.6,10029,10.10.1.1,11066,5091467.205078458
449.7273980522323,10.10.2.6,10149,10.10.1.2,11102,29662.516891922845
449.75254815296967,10.10.2.6,10156,10.10.1.1,11159,23296.139720314844
449.8344382565466,10.10.2.6,10000,10.10.1.12,11160,43930.04539843454
450.0359964915392,10.10.2.6,10079,10.10.1.3,11046,17263.319832782658
450.1864243579863,10.10.2.6,10037,10.10.1.9,11094,36379.59753942918
450.21190137360384,10.10.2.6,10103,10.10.1.13,11073,2333.462413468858
450.3554374475886,10.10.2.6,10148,10.10.1.3,11108,2221.3274075480495
450.4044791264853,10.10.2.6,10111,10.10.1.15,11029,5381206.664054962
450.44997085810877,10.10.2.6,10019,10.10.1.5,11060,42481306.41693823
450.4562873558591,10.10.2.6,10188,10.10.1.8,11162,19527.031100170992
450.5393354409262,10.10.2.6,10068,10.10.1.10,11012,20266.609732023357
450.5614870064511,10.10.2.6,10026,10.10.1.15,11081,20959.519724469625
450.56811407214786,10.10.2.6,10091,10.10.1.13,11152,2312.1928187117187
450.588655819455,10.10.2.6,10108,10.10.1.14,11107,1185752599.5021117
450.66435325985566,10.10.2.6,10151,10.10.1.1,11151,7126.784467563551
450.96866575158396,10.10.2.6,10077,10.10.1.7,11036,18886.229486494227
450.9954379309425,10.10.2.6,10033,10.10.1.6,11005,27186.513589691178
451.0603539222315,10.10.2.6,10008,10.10.1.3,11015,5892.605084515009
451.12016917564,10.10.2.6,10180,10.10.1.10,11050,24141.705713541647
451.16537991590997,10.10.2.6,10106,10.10.1.7,11079,92927207.60289316
451.1766849739466,10.10.2.6,10064,10.10.1.12,11182,16617.07778670593
451.34764185906727,10.10.2.6,10043,10.10.1.12,11091,6222305.5994390305
451.3484651523252,10.10.2.6,10127,10.10.1.6,11175,6310.992491365495
451.3996686372857,10.10.2.6,10027,10.10.1.13,11040,5286.303097555786
451.4798674596279,10.10.2.6,10013,10.10.1.2,11047,1988.3231316022868
451.5148255257321,10.10.2.6,10194,10.10.1.9,11119,47403.954266504494
451.6280265849377,10.10.2.6,10084,10.10.1.7,11024,9843.042561727803
451.6874550377689,10.10.2.6,10133,10.10.1.4,11045,31553.098531174946
451.6884003006168,10.10.2.6,10181,10.10.1.8,11154,11007.856266987137
451.80543381513405,10.10.2.6,10006,10.10.1.9,11148,565460.5699773508
451.80604993672245,10.10.2.6,10046,10.10.1.1,11108,36682034.077738546
452.0332935345611,10.10.2.6,10081,10.10.1.9,11029,3296.9810800697187
452.14312933071443,10.10.2.6,10000,10.10.1.16,11093,4862.887200116043
452.36434796637957,10.10.2.6,10164,10.10.1.8,11175,52973.43741139631
452.39767681461444,10.10.2.6,10045,10.10.1.5,11120,8194.399685723494
452.4094399728468,10.10.2.6,10155,10.10.1.3,11146,8461.89931177719
452.4287941812227,10.10.2.6,10057,10.10.1.3,11055,241997.72653316258
452.54870876054787,10.10.2.6,10071,10.10.1.2,11185,24133.605825434224
452.6115141224959,10.10.2.6,10049,10.10.1.2,11107,11738.779493755152
452.7162600613051,10.10.2.6,10080,10.10.1.9,11193,7031.837691495195
452.7232553980661,10.10.2.6,10015,10.10.1.5,11173,8788.377807689754
452.84135589107325,10.10.2.6,10016,10.10.1.12,11105,23019.01255032432
452.88952173433904,10.10.2.6,10167,10.10.1.8,11116,993125546.058301
452.94046577832387,10.10.2.6,10134,10.10.1.14,11008,247066.25123805157
453.0705080226113,10.10.2.6,10184,10.10.1.12,11148,68046.08373127102
453.1248419463785,10.10.2.6,10066,10.10.1.6,11168,2716.2743247265344
453.1296522824936,10.10.2.6,10189,10.10.1.10,11027,2979.4370616492774
453.24479301765695,10.10.2.6,10113,10.10.1.8,11180,558639.6163179338
453.27501972600345,10.10.2.6,10113,10.10.1.14,11079,5544892.714255814
453.4837118285996,10.10.2.6,10141,10.10.1.14,11139,68538.51492397791
453.5449559444289,10.10.2.6,10109,10.10.1.7,11085,1752.0344336585001
453.61665142156016,10.10.2.6,10141,10.10.1.13,11049,8476549.1269603
453.6715668811535,10.10.2.6,10078,10.10.1.1,11150,1627.5295011151982
453.69283781072545,10.10.2.6,10031,10.10.1.13,11037,9803.909519252491
453.74356634216457,10.10.2.6,10055,10.10.1.5,11004,7123.472616084331
453.88073106521335,10.10.2.6,10145,10.10.1.7,11089,23247.45831622118
453.8909083441135,10.10.2.6,10047,10.10.1.8,11087,12085.77318319145
454.09890991622746,10.10.2.6,10026,10.10.1.6,11189,6852.181492706415
454.1934276329297,10.10.2.6,10121,10.10.1.7,11130,45642.9097307589
454.32698490217115,10.10.2.6,10082,10.10.1.12,11097,5316.182919992207
454.4082283882448,10.10.2.6,10046,10.10.1.11,11111,90431.5167702309
454.4251791199531,10.10.2.6,10008,10.10.1.10,11042,4501506.716672971
454.630933531114,10.10.2.6,10032,10.10.1.7,11071,2394.9228008812443
454.6660574638826,10.10.2.6,10119,10.10.1.15,11161,47721812.035980254
454.7244093658966,10.10.2.6,10164,10.10.1.7,11029,2098.9569263384838
454.97598336327525,10.10.2.6,10177,10.10.1.8,11090,4443.455560381414
454.99177244478966,10.10.2.6,10134,10.10.1.12,11001,4743.40450754712
455.01507956584663,10.10.2.6,10102,10.10.1.9,11130,8897.962995757785
455.13266087742403,10.10.2.6,10057,10.10.1.2,11196,16968.986541427807
455.2496695259617,10.10.2.6,10000,10.10.1.10,11137,123102.80327598499
455.3006277812487,10.10.2.6,10175,10.10.1.8,11125,31933.95842299109
455.3479804603026,10.10.2.6,10169,10.10.1.2,11119,974115.7450165764
455.46267779549095,10.10.2.6,10121,10.10.1.8,11090,7276.997174526074
455.54979966772856,10.10.2.6,10012,10.10.1.4,11017,32495.526688362275
455.6079342506773,10.10.2.6,10035,10.10.1.3,11142,203940.09250652642
455.6452407161746,10.10.2.6,10145,10.10.1.12,11025,2083.052687439757
455.6874431850882,10.10.2.6,10181,10.10.1.5,11112,45214235.19869744
455.73770195324374,10.10.2.6,10013,10.10.1.11,11126,5008488.009128035
455.92610929309524,10.10.2.6,10174,10.10.1.12,11138,22672.584937049174
455.9391332026162,10.10.2.6,10046,10.10.1.16,11190,31510.222252462874
455.9807120629409,10.10.2.6,10185,10.10.1.11,11160,5714660.712126451
456.0021612233882,10.10.2.6,10064,10.10.1.11,11176,19744.749688616517
456.0607079092292,10.10.2.6,10139,10.10.1.12,11114,2274.460350613106
456.1431415475351,10.10.2.6,10004,10.10.1.14,11042,6195.186991924083
456.1495718608228,10.10.2.6,10165,10.10.1.12,11140,1841.6379486809487
456.20653275389634,10.10.2.6,10129,10.10.1.10,11193,4770.209125401194
456.23853065409133,10.10.2.6,10080,10.10.1.1,11166,4788672.9116958
456.25374216619775,10.10.2.6,10152,10.10.1.10,11107,4452.5375858020825
456.3638500683167,10.10.2.6,10045,10.10.1.8,11190,4714332.049763456
456.4075629397072,10.10.2.6,10037,10.10.1.5,11150,116181.07289305514
456.4755552323829,10.10.2.6,10171,10.10.1.8,11076,3684.158834363195
456.61041901752174,10.10.2.6,10073,10.10.1.13,11144,2129.512091740341
456.6717879926464,10.10.2.6,10061,10.10.1.3,11040,11752.705787500781
456.713020953111,10.10.2.6,10066,10.10.1.2,11155,2466.52436749666
456.9832113773256,10.10.2.6,10032,10.10.1.1,11065,31574.493973902605
457.1513367569522,10.10.2.6,10013,10.10.1.3,11129,4818489.801196046
457.16718694615685,10.10.2.6,10189,10.10.1.15,11059,3091.367816507176
457.24352844833805,10.10.2.6,10150,10.10.1.10,11105,3560.307947932663
457.4014917651857,10.10.2.6,10107,10.10.1.9,11178,66970427.56169668
457.4163929490303,10.10.2.6,10123,10.10.1.8,11143,5272042.505219662
457.41783632685895,10.10.2.6,10015,10.10.1.16,11149,16845.59043081575
457.48712063856993,10.10.2.6,10160,10.10.1.11,11167,99471.77443671956
457.4976882796847,10.10.2.6,10060,10.10.1.5,11150,132539032.41288443
457.7451602235194,10.10.2.6,10072,10.10.1.14,11064,68105.59063619257
457.79301343609296,10.10.2.6,10131,10.10.1.13,11077,42394669.14519818
457.8853029286308,10.10.2.6,10109,10.10.1.6,11066,6246.655231611433
457.9057668936755,10.10.2.6,10164,10.10.1.7,11158,9489.49457618785
458.13797389321286,10.10.2.6,10120,10.10.1.6,11198,7214.573749518962
458.5544392290245,10.10.2.6,10110,10.10.1.10,11056,3787749.400570679
458.61051926388166,10.10.2.6,10002,10.10.1.7,11171,20199.4800184634
458.61907847831554,10.10.2.6,10116,10.10.1.4,11042,2564.6072903406243
458.64320959944604,10.10.2.6,10124,10.10.1.5,11122,2324.9667207387574
458.7700090520823,10.10.2.6,10156,10.10.1.1,11038,33993674.365890644
458.7902563279031,10.10.2.6,10098,10.10.1.13,11080,3207.1465010519296
458.9006440125829,10.10.2.6,10145,10.10.1.3,11097,105075.82729216065
459.0792515471798,10.10.2.6,10098,10.10.1.10,11019,4825682.638770295
459.08010805650997,10.10.2.6,10101,10.10.1.10,11065,1742.7336094125178
459.16533396776543,10.10.2.6,10007,10.10.1.6,11114,6623.305104137347
459.18108006202203,10.10.2.6,10029,10.10.1.13,11114,1188944455.7629888
459.30906866921913,10.10.2.6,10034,10.10.1.12,11030,47140422.06082234
459.30919508256426,10.10.2.6,10049,10.10.1.11,11049,3757496.1749770124
459.3427033640229,10.10.2.6,10195,10.10.1.16,11049,2138.27437377086
459.36832684291153,10.10.2.6,10048,10.10.1.2,11022,42119672.93215332
459.4224294297655,10.10.2.6,10050,10.10.1.5,11013,2108.8958406336924
459.51545168058135,10.10.2.6,10193,10.10.1.4,11155,48157476.77294796
459.5501725528396,10.10.2.6,10141,10.10.1.1,11058,30367842.064455405
459.7402057482646,10.10.2.6,10100,10.10.1.4,11076,27855.6376823081
459.8111370145512,10.10.2.6,10091,10.10.1.16,11191,90862.74630182587
459.88696198748,10.10.2.6,10005,10.10.1.3,11085,3059.0347199882963
459.9553575552072,10.10.2.6,10049,10.10.1.4,11014,3510.5982887648706
460.1416412885871,10.10.2.6,10003,10.10.1.8,11080,8963.3021494085
460.1710427546891,10.10.2.6,10149,10.10.1.3,11024,5862243.325715775
460.53595151025485,10.10.2.6,10006,10.10.1.16,11087,113321.76451410471
460.54919343787407,10.10.2.6,10022,10.10.1.9,11193,3809.28510579639
460.58005057309236,10.10.2.6,10012,10.10.1.3,11160,6842.258877834228
460.6057939173857,10.10.2.6,10195,10.10.1.8,11018,24092.196138397103
460.6935133093781,10.10.2.6,10053,10.10.1.7,11028,213447.9812025158
460.69980811628113,10.10.2.6,10182,10.10.1.8,11070,4924.652288171872
460.9467953452338,10.10.2.6,10178,10.10.1.1,11119,19368.205673674827
461.0240137076009,10.10.2.6,10045,10.10.1.3,11059,18508.98497197682
461.62049818129884,10.10.2.6,10004,10.10.1.4,11175,96631.63397999974
461.7262829434707,10.10.2.6,10136,10.10.1.16,11173,535601.8209111398
461.7926580168533,10.10.2.6,10010,10.10.1.11,11146,45499.31943204305
461.85373618291436,10.10.2.6,10154,10.10.1.8,11052,24038.771559476176
461.87408387309983,10.10.2.6,10065,10.10.1.14,11012,34674.49418708231
461.89498983015994,10.10.2.6,10079,10.10.1.2,11055,1490360330.4989996
461.9441969457172,10.10.2.6,10093,10.10.1.1,11075,1389860614.8401608
461.95881751369313,10.10.2.6,10033,10.10.1.11,11127,5590.107739769644
462.11539566839264,10.10.2.6,10127,10.10.1.2,11025,55217.85418765076
462.11954563054104,10.10.2.6,10055,10.10.1.2,11038,5612012.391916637
462.3610844527122,10.10.2.6,10152,10.10.1.5,11008,72931.4446257658
462.59965342142704,10.10.2.6,10027,10.10.1.1,11124,44632.436934626
462.6281811223608,10.10.2.6,10103,10.10.1.10,11161,27234.164198641196
462.6477324645906,10.10.2.6,10098,10.10.1.15,11100,4739476.971534096
462.7329304805924,10.10.2.6,10195,10.10.1.14,11049,6261.282742242607
462.8002926880566,10.10.2.6,10056,10.10.1.14,11029,5030946.802393731
462.9261651921088,10.10.2.6,10149,10.10.1.3,11166,20031.508757691994
462.96803340979125,10.10.2.6,10115,10.10.1.10,11076,10091.998389812248
463.4677160520288,10.10.2.6,10096,10.10.1.5,11105,1600.272709119823
463.50604477032596,10.10.2.6,10128,10.10.1.13,11172,19368.737555859556
463.57063333824385,10.10.2.6,10007,10.10.1.3,11059,15358.365806670161
463.63628979120085,10.10.2.6,10136,10.10.1.16,11114,9876.990180242428
463.6407100069832,10.10.2.6,10183,10.10.1.10,11014,2430.382044752684
463.6632799712296,10.10.2.6,10156,10.10.1.16,11092,6193.681227278686
463.6967439722487,10.10.2.6,10051,10.10.1.2,11036,9604.573242475488
463.70710272028197,10.10.2.6,10034,10.10.1.5,11053,5072.155414349167
463.71209430059776,10.10.2.6,10167,10.10.1.1,11082,33990981.86707221
463.7631532157102,10.10.2.6,10078,10.10.1.1,11118,4641020.525652224
463.7969806350749,10.10.2.6,10132,10.10.1.8,11119,7293.283444683005
464.0503180393303,10.10.2.6,10080,10.10.1.6,11185,24046.14821202994
464.0983535286611,10.10.2.6,10039,10.10.1.14,11038,3713.4310771758965
464.105490228696,10.10.2.6,10077,10.10.1.4,11062,6663.092141461079
464.21997334714104,10.10.2.6,10070,10.10.1.4,11023,55260.930519300084
464.2559291249864,10.10.2.6,10107,10.10.1.7,11118,10528.100886051203
464.3184896417036,10.10.2.6,10069,10.10.1.9,11164,22661.890872745716
464.3439070863129,10.10.2.6,10134,10.10.1.1,11089,19428.687532209697
464.4540913087965,10.10.2.6,10100,10.10.1.4,11179,1608.3402292505039
464.46738805983347,10.10.2.6,10063,10.10.1.6,11038,4414.280834387137
464.94519553380917,10.10.2.6,10118,10.10.1.11,11156,5590.760898150473
465.0357919838715,10.10.2.6,10043,10.10.1.5,11023,2858.3729450481374
465.1851790141091,10.10.2.6,10067,10.10.1.5,11118,88490.09226040865
465.21741823201177,10.10.2.6,10136,10.10.1.4,11060,7026.472603788034
465.321768250867,10.10.2.6,10017,10.10.1.9,11015,47951.81674324803
465.32334369182286,10.10.2.6,10138,10.10.1.10,11103,23273.724330779038
465.4184048897779,10.10.2.6,10017,10.10.1.2,11066,43135.97415542
465.4424588980337,10.10.2.6,10040,10.10.1.15,11006,1658.875550603799
465.44998589978775,10.10.2.6,10102,10.10.1.11,11082,30545.726565838042
465.9022980735215,10.10.2.6,10009,10.10.1.8,11149,37159.07567912839
465.9669517625973,10.10.2.6,10108,10.10.1.11,11081,58321.53559003263
465.98029526774224,10.10.2.6,10024,10.10.1.9,11139,9581.743352378435
466.0730455002267,10.10.2.6,10039,10.10.1.2,11097,7978.906521296943
466.08009381667773,10.10.2.6,10071,10.10.1.2,11133,66466.1534649903
466.08567970706883,10.10.2.6,10190,10.10.1.14,11171,92013872.06378709
466.1044750779715,10.10.2.6,10020,10.10.1.5,11020,421691.30733374844
466.107677693363,10.10.2.6,10049,10.10.1.6,11005,2416.6401351779014
466.1144058905967,10.10.2.6,10046,10.10.1.15,11078,27896.941025820357
466.1257887659623,10.10.2.6,10030,10.10.1.16,11046,3125.0531759093224
466.2645530462302,10.10.2.6,10056,10.10.1.3,11032,3825807.082362268
466.49793976529713,10.10.2.6,10058,10.10.1.9,11173,607494.3761723093
466.6891929762919,10.10.2.6,10102,10.10.1.7,11007,9624.570959018696
466.68993554326585,10.10.2.6,10108,10.10.1.6,11155,11124.809594170933
466.75024105594576,10.10.2.6,10034,10.10.1.9,11155,21466.140835150774
466.97240343270215,10.10.2.6,10142,10.10.1.11,11061,103215.03635652365
467.033642322225,10.10.2.6,10129,10.10.1.16,11013,2052.5594234252108
467.1196415359227,10.10.2.6,10179,10.10.1.14,11038,44877291.62285818
467.19692839669705,10.10.2.6,10010,10.10.1.9,11065,5361.566090058369
467.39419198683663,10.10.2.6,10024,10.10.1.9,11054,8656.938717920955
467.46485458920023,10.10.2.6,10001,10.10.1.3,11054,1726.0552386165562
467.640969530728,10.10.2.6,10165,10.10.1.16,11189,228281.4293542219
467.6578370905606,10.10.2.6,10170,10.10.1.4,11122,6611.232600478116
467.8891949074009,10.10.2.6,10192,10.10.1.8,11144,9695.245886850653
467.89544780642314,10.10.2.6,10189,10.10.1.8,11191,43569.17489055914
467.9159336235211,10.10.2.6,10018,10.10.1.4,11181,6539.786698810501
468.0615722580828,10.10.2.6,10110,10.10.1.16,11135,38826169.23588192
468.10201258270905,10.10.2.6,10125,10.10.1.16,11190,35489519.0453293
468.18281682340887,10.10.2.6,10123,10.10.1.1,11039,12164.502676971268
468.24555521049706,10.10.2.6,10025,10.10.1.4,11152,33117.063019965026
468.3765610136202,10.10.2.6,10088,10.10.1.6,11175,1757.5847418203539
468.39594587444884,10.10.2.6,10181,10.10.1.12,11116,35541.72663812086
468.4096393649044,10.10.2.6,10193,10.10.1.5,11142,4323519.667677679
468.41682452441637,10.10.2.6,10186,10.10.1.16,11075,4004690475.524006
468.4764083407021,10.10.2.6,10010,10.10.1.7,11118,3768.757122999765
468.51356922984064,10.10.2.6,10031,10.10.1.2,11070,3506.704949709156
468.5422800776722,10.10.2.6,10140,10.10.1.8,11145,82850.63183963248
468.57932372425694,10.10.2.6,10192,10.10.1.2,11175,2494.7155733098225
468.6361511013278,10.10.2.6,10132,10.10.1.4,11045,35890278.47184067
468.6761120193559,10.10.2.6,10163,10.10.1.5,11017,4944.3807283762335
468.75403368451515,10.10.2.6,10080,10.10.1.16,11001,24034.65760379221
468.7839556075582,10.10.2.6,10069,10.10.1.5,11071,3029.477077993428
469.0629812275686,10.10.2.6,10020,10.10.1.13,11162,5317.993199309978
469.289631674027,10.10.2.6,10140,10.10.1.1,11105,7571.272211779345
469.3789459513904,10.10.2.6,10061,10.10.1.7,11026,34841.54886818976
469.65379882033494,10.10.2.6,10042,10.10.1.12,11155,21056.752966410142
469.69944998811326,10.10.2.6,10181,10.10.1.16,11082,8172.382274791665
469.9760259607549,10.10.2.6,10123,10.10.1.8,11156,12346.057559491961
470.01313438220427,10.10.2.6,10141,10.10.1.1,11161,23444.557682087747
470.0366907800564,10.10.2.6,10163,10.10.1.9,11151,6359.972044753495
470.1677854671133,10.10.2.6,10173,10.10.1.7,11126,21641.885721720602
470.3355072726859,10.10.2.6,10009,10.10.1.10,11046,3084.095214709369
470.4102561183287,10.10.2.6,10177,10.10.1.16,11022,1811.4384347168602
470.46824154999524,10.10.2.6,10158,10.10.1.15,11130,44071429.150183864
470.68285621184697,10.10.2.6,10127,10.10.1.12,11041,2126.4014706020853
470.70575865935814,10.10.2.6,10067,10.10.1.9,11058,6455.106488030088
470.74384776462705,10.10.2.6,10048,10.10.1.13,11116,30104481.3827167
470.76742162745427,10.10.2.6,10195,10.10.1.9,11053,95688487.50051326
470.85967671626594,10.10.2.6,10074,10.10.1.11,11072,4930.0918404730455
470.9169105526641,10.10.2.6,10112,10.10.1.7,11184,5692.651940350609
471.04744743402534,10.10.2.6,10114,10.10.1.12,11076,32266.393799572936
471.1305640481521,10.10.2.6,10119,10.10.1.15,11118,2584.6968937953006
471.17351556869767,10.10.2.6,10188,10.10.1.11,11077,4881.8328999424575
471.20323591274627,10.10.2.6,10010,10.10.1.12,11035,4933.242508550149
471.226196154396,10.10.2.6,10086,10.10.1.3,11061,7161.092113861232
471.26621513433616,10.10.2.6,10077,10.10.1.3,11064,16177.202953954718
471.3357004774965,10.10.2.6,10086,10.10.1.1,11000,94650.91819166591
471.4953757862886,10.10.2.6,10073,10.10.1.9,11156,3093.0857283925584
471.50405657949125,10.10.2.6,10176,10.10.1.1,11004,2022.2330844221938
471.6043090728951,10.10.2.6,10198,10.10.1.7,11054,48729.862027060764
471.7141806433608,10.10.2.6,10135,10.10.1.14,11198,11392.258973442278
471.774224657884,10.10.2.6,10172,10.10.1.15,11073,2330.8561491733885
472.00385645171997,10.10.2.6,10161,10.10.1.2,11178,32625.90849313336
472.244100589848,10.10.2.6,10061,10.10.1.6,11169,1142586505.721034
472.3142406253362,10.10.2.6,10189,10.10.1.3,11080,11971.4581498086
472.39157833776505,10.10.2.6,10196,10.10.1.13,11094,5452.121180175788
472.4092251408082,10.10.2.6,10088,10.10.1.10,11190,32615.14243584737
472.418758096418,10.10.2.6,10018,10.10.1.11,11184,2741.4255279364097
472.4641002359713,10.10.2.6,10183,10.10.1.2,11166,5165.4862165770255
472.47937604128293,10.10.2.6,10167,10.10.1.16,11049,6735.285720906328
472.53811998247545,10.10.2.6,10160,10.10.1.4,11086,40433000.18065235
472.72161277357696,10.10.2.6,10197,10.10.1.4,11107,18947.562831642957
472.80753440810975,10.10.2.6,10188,10.10.1.5,11127,2504.1384914805585
472.94104454541025,10.10.2.6,10140,10.10.1.5,11105,24753.666939622548
473.01083931416713,10.10.2.6,10061,10.10.1.2,11057,2381.9044835695768
473.08112797280774,10.10.2.6,10092,10.10.1.13,11170,49156.12562500195
473.15581472228,10.10.2.6,10109,10.10.1.5,11100,22738.476498366825
473.28196178081345,10.10.2.6,10025,10.10.1.13,11019,7538.139925573049
473.2933748818175,10.10.2.6,10094,10.10.1.5,11158,1929.1523614764826
473.39928146928054,10.10.2.6,10001,10.10.1.2,11010,32154.883824114106
473.5619790713231,10.10.2.6,10043,10.10.1.6,11130,7664.752108367611
473.6102321443741,10.10.2.6,10064,10.10.1.10,11173,38009183.550556816
473.67037848985905,10.10.2.6,10151,10.10.1.15,11097,4212248.335534982
473.69635683179416,10.10.2.6,10157,10.10.1.14,11012,42314.401679960225
473.82482376027315,10.10.2.6,10140,10.10.1.3,11160,5476.773717858941
473.8795859108914,10.10.2.6,10134,10.10.1.4,11045,47144.30481836264
473.9768858766713,10.10.2.6,10012,10.10.1.5,11069,9530.688819215886
474.12379545529996,10.10.2.6,10101,10.10.1.13,11126,9701.639912406203
474.2344074571024,10.10.2.6,10045,10.10.1.6,11133,2082.2911362003833
474.27174120908677,10.10.2.6,10106,10.10.1.2,11041,5026300.37172097
474.38370491322246,10.10.2.6,10114,10.10.1.13,11020,49424.886697526184
474.51958796904836,10.10.2.6,10098,10.10.1.15,11136,34984.67320434674
474.5294630001573,10.10.2.6,10076,10.10.1.7,11118,4503266.81465173
474.5620200243655,10.10.2.6,10025,10.10.1.13,11142,10005.423789220857
474.7461998230443,10.10.2.6,10082,10.10.1.12,11129,70432218.5924004
474.7809235658668,10.10.2.6,10064,10.10.1.2,11078,1743.604624379139
474.81189495492475,10.10.2.6,10039,10.10.1.9,11012,2877.775982239384
474.91292026920166,10.10.2.6,10137,10.10.1.6,11006,5545075.281537021
475.0819318860856,10.10.2.6,10156,10.10.1.16,11117,92260109.06711648
475.1858644314408,10.10.2.6,10051,10.10.1.15,11047,4964.622783425439
475.42065213372814,10.10.2.6,10034,10.10.1.16,11162,4156303.265812119
475.4542715356755,10.10.2.6,10071,10.10.1.3,11196,8572.643033092927
475.4627976015793,10.10.2.6,10018,10.10.1.11,11193,28788.13976501147
475.62746167476297,10.10.2.6,10007,10.10.1.2,11096,6364.213384947586
475.65844579594545,10.10.2.6,10195,10.10.1.12,11131,33039.79330390795
475.84405417617063,10.10.2.6,10160,10.10.1.12,11089,35446838.63054882
476.0264270812842,10.10.2.6,10048,10.10.1.10,11091,21087.061064953807
476.1105120766363,10.10.2.6,10103,10.10.1.11,11110,5951078.715659578
476.1290707316536,10.10.2.6,10139,10.10.1.16,11183,28061.021182446642
476.2829929788925,10.10.2.6,10097,10.10.1.15,11146,4280146.359125104
476.3755557431838,10.10.2.6,10189,10.10.1.13,11116,1968.1763695611246
476.5549468273501,10.10.2.6,10004,10.10.1.8,11114,7238.856433414473
476.59177256563726,10.10.2.6,10144,10.10.1.8,11063,2956.517880918849
476.75235211026836,10.10.2.6,10047,10.10.1.2,11020,123895216.81084804
476.8161931399373,10.10.2.6,10058,10.10.1.16,11068,1155434725.741192
476.8397919544723,10.10.2.6,10090,10.10.1.7,11042,6463.679329632384
476.8922382442561,10.10.2.6,10069,10.10.1.14,11155,1894.7259271297323
477.113884055944,10.10.2.6,10101,10.10.1.2,11115,6276.86176264544
477.3062576301195,10.10.2.6,10180,10.10.1.7,11001,482594.8019687376
477.33420596664075,10.10.2.6,10085,10.10.1.2,11173,108381.4103804942
477.47159575882506,10.10.2.6,10035,10.10.1.3,11161,71399993.27729078
477.74563544666984,10.10.2.6,10015,10.10.1.11,11097,9237.224934920396
477.75997049773144,10.10.2.6,10042,10.10.1.2,11038,4502.996179236563
477.93240009736996,10.10.2.6,10085,10.10.1.1,11086,120301.81613686419
477.93303422660387,10.10.2.6,10084,10.10.1.15,11008,3065.517041077277
477.9393213746856,10.10.2.6,10036,10.10.1.1,11159,12119.685476400988
478.2469389322989,10.10.2.6,10007,10.10.1.7,11115,4797.155906896787
478.2628711850199,10.10.2.6,10134,10.10.1.10,11036,18116.162713056747
478.4333532638834,10.10.2.6,10019,10.10.1.16,11066,164436.26980669447
478.4463430768698,10.10.2.6,10126,10.10.1.2,11086,4580.709869346429
478.6779886666295,10.10.2.6,10186,10.10.1.3,11126,46445064.32203926
478.85161391140167,10.10.2.6,10085,10.10.1.2,11115,62663.32410442528
478.9431179936641,10.10.2.6,10113,10.10.1.14,11061,43325.513442793905
479.13280388505177,10.10.2.6,10074,10.10.1.14,11191,2262.457810219394
479.14498868891815,10.10.2.6,10144,10.10.1.3,11060,29310.25094933347
479.16597183449545,10.10.2.6,10014,10.10.1.12,11079,119793.7476661103
479.26560801077335,10.10.2.6,10120,10.10.1.2,11099,39351.223186785835
479.39274470508553,10.10.2.6,10082,10.10.1.15,11130,5578.846266091219
479.56222706307886,10.10.2.6,10033,10.10.1.10,11064,42418.86814278774
479.60571986000235,10.10.2.6,10060,10.10.1.11,11148,1545.153184244498
479.6280814919713,10.10.2.6,10040,10.10.1.15,11114,4586.951848787728
479.8137438870872,10.10.2.6,10110,10.10.1.15,11048,3454.913989852364
479.9823612360888,10.10.2.6,10047,10.10.1.12,11129,2008.8304803755855
480.3583266877294,10.10.2.6,10102,10.10.1.5,11086,10367.345280041272
480.56278621502406,10.10.2.6,10027,10.10.1.8,11137,2157.5817829320963
480.5643593757012,10.10.2.6,10102,10.10.1.1,11038,35000.82442715817
480.6025698015454,10.10.2.6,10027,10.10.1.4,11173,71580.7562876495
480.6725843222464,10.10.2.6,10062,10.10.1.14,11124,6749.423415369189
480.8064889134087,10.10.2.6,10196,10.10.1.7,11185,5997.411518558824
481.0664591721149,10.10.2.6,10122,10.10.1.1,11091,1902.7045580615097
481.07328809931266,10.10.2.6,10042,10.10.1.3,11077,3209.203702496958
481.08751567013576,10.10.2.6,10017,10.10.1.16,11068,5238.911352490164
481.1725399042133,10.10.2.6,10013,10.10.1.7,11123,3659.443533740979
481.35504029546286,10.10.2.6,10060,10.10.1.10,11032,36066.68270696631
481.38419591485905,10.10.2.6,10010,10.10.1.6,11195,5684494.801792275
481.4010559367012,10.10.2.6,10193,10.10.1.11,11071,431841.07582237595
481.4515301849271,10.10.2.6,10144,10.10.1.10,11111,101837.4733927768
481.58564202241234,10.10.2.6,10102,10.10.1.16,11131,3642.578866254656
482.08075090796285,10.10.2.6,10143,10.10.1.6,11149,7978.789154056785
482.12290738015275,10.10.2.6,10192,10.10.1.8,11146,17365.46156944183
482.12932910737476,10.10.2.6,10026,10.10.1.3,11170,75681759.95162138
482.13740987057065,10.10.2.6,10160,10.10.1.11,11008,1858.700745643417
482.21832214470203,10.10.2.6,10091,10.10.1.4,11140,2459.8005220215005
482.2358044254204,10.10.2.6,10067,10.10.1.6,11139,11483.20724702976
482.33567783205996,10.10.2.6,10122,10.10.1.2,11196,3935507.3936169595
482.4688506306233,10.10.2.6,10098,10.10.1.7,11031,17913.75424598496
482.52975807745844,10.10.2.6,10113,10.10.1.9,11128,3941378.8576261075
482.53152835275347,10.10.2.6,10137,10.10.1.6,11048,1544.4353034610367
482.642620270235,10.10.2.6,10130,10.10.1.13,11160,47925583.59591409
482.6714905798019,10.10.2.6,10063,10.10.1.13,11054,103714067.89123757
482.70879551628536,10.10.2.6,10128,10.10.1.4,11165,8729.832024339708
482.7474423262957,10.10.2.6,10093,10.10.1.3,11096,9612.4047106177
482.7547588302735,10.10.2.6,10160,10.10.1.13,11157,20848.54422047901
482.8370882263098,10.10.2.6,10063,10.10.1.7,11029,4760.440692085057
483.4615321992336,10.10.2.6,10052,10.10.1.7,11066,49183.90669817549
483.5425973691416,10.10.2.6,10115,10.10.1.4,11028,186161.0978642902
483.5990818116577,10.10.2.6,10164,10.10.1.1,11030,2469.189406068945
483.78782502551354,10.10.2.6,10155,10.10.1.6,11047,35677.51259884649
483.79714311810244,10.10.2.6,10163,10.10.1.5,11037,1953.0320653054496
483.92241783111194,10.10.2.6,10045,10.10.1.11,11033,5557831.535815327
483.9538105205505,10.10.2.6,10128,10.10.1.15,11093,6570.651092413261
484.1954870747783,10.10.2.6,10091,10.10.1.13,11071,1813.0441096307638
484.2403214734121,10.10.2.6,10038,10.10.1.5,11148,48631.267013393175
484.3173733911107,10.10.2.6,10135,10.10.1.3,11150,97760.10222604222
484.47517502457976,10.10.2.6,10015,10.10.1.16,11089,3286.7231049224706
484.58430454111044,10.10.2.6,10027,10.10.1.5,11186,4647.206372395429
484.6172252052462,10.10.2.6,10035,10.10.1.15,11116,7460.410036533396
484.77160653147376,10.10.2.6,10018,10.10.1.14,11106,53015.843240469585
484.78316982973314,10.10.2.6,10187,10.10.1.13,11014,9315.895728181687
484.80640227470764,10.10.2.6,10112,10.10.1.3,11151,121297.24026117401
484.8363938744025,10.10.2.6,10135,10.10.1.13,11182,1094135687.266518
484.8458162092346,10.10.2.6,10098,10.10.1.10,11140,9592758222.885475
485.03624855623667,10.10.2.6,10010,10.10.1.8,11013,30833706.751416914
485.14264181597866,10.10.2.6,10098,10.10.1.14,11102,15066.283964760434
485.16952821532294,10.10.2.6,10021,10.10.1.3,11114,4492.222263143093
485.1944879259351,10.10.2.6,10063,10.10.1.14,11070,4390279.939897278
485.35610241248435,10.10.2.6,10185,10.10.1.14,11055,9078.827068925688
485.41741012378674,10.10.2.6,10177,10.10.1.5,11001,3904361.1101561184
485.4331976968667,10.10.2.6,10104,10.10.1.5,11142,2272.8426151658205
485.44244989436487,10.10.2.6,10047,10.10.1.14,11084,4362.469981081242
485.5831251110239,10.10.2.6,10192,10.10.1.5,11120,6665.752681558201
485.6151052397228,10.10.2.6,10064,10.10.1.12,11039,826644.2301724488
485.6174640666144,10.10.2.6,10125,10.10.1.3,11070,73418.68695275542
485.6385454502928,10.10.2.6,10171,10.10.1.7,11166,184117.02122704065
485.95107077277856,10.10.2.6,10070,10.10.1.12,11047,3438.6097831370466
485.97135624313836,10.10.2.6,10001,10.10.1.12,11197,6763.416754651256
485.99938966091946,10.10.2.6,10060,10.10.1.14,11073,109036.79677064053
486.07374910768004,10.10.2.6,10113,10.10.1.4,11195,2251.12705607938
486.1438972561579,10.10.2.6,10194,10.10.1.13,11125,54934.88990567576
486.28803800723546,10.10.2.6,10080,10.10.1.16,11004,7294.534911787674
486.2970963739924,10.10.2.6,10036,10.10.1.11,11031,97044.4657679458
486.3952496489143,10.10.2.6,10040,10.10.1.8,11050,36165238.965757996
486.45099378048775,10.10.2.6,10147,10.10.1.14,11131,7798.440825993668
486.53950049641,10.10.2.6,10168,10.10.1.14,11171,31328.720349391497
487.00027255040584,10.10.2.6,10174,10.10.1.6,11069,6029.302615944535
487.0521801573278,10.10.2.6,10110,10.10.1.11,11191,32432.531885094922
487.17439274670306,10.10.2.6,10072,10.10.1.12,11018,30019.112952838856
487.5334095067428,10.10.2.6,10041,10.10.1.15,11082,2333.120515918676
487.55412072638813,10.10.2.6,10116,10.10.1.14,11185,15339.03906617424
487.58673173347995,10.10.2.6,10135,10.10.1.8,11050,4621.717982803484
487.6250042927995,10.10.2.6,10081,10.10.1.7,11130,35190.53915011837
487.7912535722688,10.10.2.6,10160,10.10.1.15,11152,1920.0362036621925
488.05794950728284,10.10.2.6,10169,10.10.1.15,11116,7742.747260665522
488.1906708903278,10.10.2.6,10185,10.10.1.2,11106,3601.630013322326
488.4912623604144,10.10.2.6,10121,10.10.1.12,11087,3020.0356364610357
488.579375158602,10.10.2.6,10103,10.10.1.4,11073,6382.72768531556
488.59552345046717,10.10.2.6,10046,10.10.1.7,11137,9586.891299866393
488.60453459572625,10.10.2.6,10011,10.10.1.7,11094,32804734.436735954
488.80925265915175,10.10.2.6,10089,10.10.1.11,11178,5709.829847747546
488.85822963289087,10.10.2.6,10005,10.10.1.1,11125,16498.6948697963
488.86208149474066,10.10.2.6,10164,10.10.1.15,11185,2384.2543643850927
488.94813578288466,10.10.2.6,10048,10.10.1.14,11015,4712.497624381378
489.00220453877546,10.10.2.6,10178,10.10.1.13,11059,4135.324879481988
489.30482829664794,10.10.2.6,10054,10.10.1.6,11020,18700.222620029028
489.4060705390783,10.10.2.6,10132,10.10.1.9,11083,48621.259947764986
489.43561491296043,10.10.2.6,10086,10.10.1.9,11123,469282.17161195504
489.55055355943057,10.10.2.6,10178,10.10.1.5,11025,93976.87212456044
489.61323565630937,10.10.2.6,10127,10.10.1.3,11168,3017.6797183155327
489.68210517222093,10.10.2.6,10064,10.10.1.8,11111,2701.9409997933744
489.8687309339389,10.10.2.6,10161,10.10.1.15,11052,1869.3302390234255
489.8696319695923,10.10.2.6,10104,10.10.1.13,11028,71412.64250714454
489.9049049623133,10.10.2.6,10129,10.10.1.11,11187,5212272035.955858
489.9579383712875,10.10.2.6,10045,10.10.1.8,11014,5856.923247415513
490.10790805807886,10.10.2.6,10035,10.10.1.14,11030,4852994960.556743
490.1719894140778,10.10.2.6,10057,10.10.1.7,11024,1267689132.8403754
490.3557731357676,10.10.2.6,10015,10.10.1.8,11074,23187.409589240302
490.3635811687817,10.10.2.6,10024,10.10.1.11,11060,3122.184834001869
490.41497868127834,10.10.2.6,10016,10.10.1.10,11002,8139.948903502638
490.4485252693123,10.10.2.6,10104,10.10.1.1,11089,3033.419760159916
490.4551951503808,10.10.2.6,10047,10.10.1.3,11012,7024.404680993187
490.5491704499027,10.10.2.6,10106,10.10.1.2,11017,2468.267150650395
490.59828701840524,10.10.2.6,10078,10.10.1.5,11094,49486068.06603289
491.0125305986871,10.10.2.6,10086,10.10.1.10,11139,7163.5296097988985
491.150766587371,10.10.2.6,10102,10.10.1.10,11050,1482103743.053439
491.1700494540596,10.10.2.6,10195,10.10.1.12,11193,30533.580996505167
491.1836057910756,10.10.2.6,10046,10.10.1.6,11192,39239804.605760336
491.26057850584374,10.10.2.6,10165,10.10.1.12,11036,21711.163067679114
491.3015943096659,10.10.2.6,10183,10.10.1.9,11077,1731.9856173194023
491.4219181895748,10.10.2.6,10047,10.10.1.12,11188,8466.32427309719
491.4254204940696,10.10.2.6,10115,10.10.1.6,11081,22626.621904417378
491.46428683528603,10.10.2.6,10025,10.10.1.3,11064,17160.34316154227
491.52114584379945,10.10.2.6,10188,10.10.1.10,11141,19190.616517205606
491.606060703884,10.10.2.6,10073,10.10.1.3,11168,92016.73860476582
491.62642436501943,10.10.2.6,10014,10.10.1.4,11197,25713.308746270024
491.93923512073644,10.10.2.6,10153,10.10.1.16,11094,74789.05801370436
492.06177906011874,10.10.2.6,10193,10.10.1.2,11104,26616.4591373705
492.09869796339785,10.10.2.6,10053,10.10.1.6,11027,1588.224709442321
492.3549876273493,10.10.2.6,10003,10.10.1.16,11077,4613.243077067985
492.41866528217605,10.10.2.6,10128,10.10.1.12,11079,34449.249129720694
492.45033432905393,10.10.2.6,10018,10.10.1.16,11076,1669.818797033905
492.46792565956514,10.10.2.6,10110,10.10.1.9,11169,44527.66777395592
492.59445403599113,10.10.2.6,10117,10.10.1.3,11029,2043.8678136923072
492.6234809750465,10.10.2.6,10101,10.10.1.4,11151,148140288.67287004
492.64943884315585,10.10.2.6,10140,10.10.1.12,11127,5488295.046140975
492.90199566354835,10.10.2.6,10071,10.10.1.5,11038,396080.29272008815
492.93291884343677,10.10.2.6,10033,10.10.1.4,11132,2951.0183703466278
493.05304884504034,10.10.2.6,10060,10.10.1.13,11031,4801.5054494303895
493.08605980847756,10.10.2.6,10010,10.10.1.7,11114,17091.732493810207
493.1073090160015,10.10.2.6,10103,10.10.1.1,11152,31619.182099264865
493.1520741770731,10.10.2.6,10164,10.10.1.9,11042,3393.8606806076373
493.58644101921595,10.10.2.6,10060,10.10.1.10,11161,6059.40988473978
493.6758876208042,10.10.2.6,10015,10.10.1.13,11144,30139.588338074704
493.7443851683469,10.10.2.6,10098,10.10.1.1,11048,17218.992683042165
493.84881632971906,10.10.2.6,10179,10.10.1.5,11037,4834665.956277019
493.9889158516803,10.10.2.6,10065,10.10.1.16,11117,6059972.317201581
494.02891346589223,10.10.2.6,10170,10.10.1.10,11168,515715.4455440692
494.0794615408883,10.10.2.6,10026,10.10.1.2,11070,1749.588499684989
494.26727218916324,10.10.2.6,10049,10.10.1.2,11160,34665.41861812867
494.3859787935185,10.10.2.6,10055,10.10.1.3,11168,5404342.349367927
494.470665008795,10.10.2.6,10197,10.10.1.5,11034,47020.164440216424
494.524562081954,10.10.2.6,10197,10.10.1.9,11039,4850.784881574229
494.53407026453243,10.10.2.6,10116,10.10.1.11,11126,5924139.902889941
494.7272961249142,10.10.2.6,10171,10.10.1.2,11176,1620.0558422956196
495.0551134446336,10.10.2.6,10172,10.10.1.10,11197,10240.745253491663
495.10520433052824,10.10.2.6,10145,10.10.1.4,11085,44825251.835366055
495.2109699481122,10.10.2.6,10083,10.10.1.7,11125,2320.3920210720275
495.3048848770817,10.10.2.6,10120,10.10.1.2,11162,1171949023.0940566
495.4015010907884,10.10.2.6,10008,10.10.1.16,11120,4757607.426152568
495.51897526296017,10.10.2.6,10087,10.10.1.1,11046,19196.665033710982
495.56302938989853,10.10.2.6,10031,10.10.1.14,11053,24935.932907637638
495.56378697502174,10.10.2.6,10151,10.10.1.14,11072,1145351.8328713335
495.678245507058,10.10.2.6,10132,10.10.1.2,11115,29723.98946455432
495.76771493459154,10.10.2.6,10151,10.10.1.9,11120,5248925.537530172
495.90298238260453,10.10.2.6,10025,10.10.1.11,11054,97039.13780856186
496.1972927262857,10.10.2.6,10164,10.10.1.5,11198,4855.52911184723
496.2415829739879,10.10.2.6,10093,10.10.1.7,11147,40250.28330457205
496.30206103229,10.10.2.6,10135,10.10.1.3,11096,925181663.2787176
496.32978418004495,10.10.2.6,10073,10.10.1.13,11136,6196269.413362184
496.39149901671334,10.10.2.6,10065,10.10.1.8,11105,5785140.805631868
496.6510160205496,10.10.2.6,10116,10.10.1.12,11184,9654.549981292086
496.79585529265904,10.10.2.6,10048,10.10.1.7,11024,1897.7310198896794
496.8380629896012,10.10.2.6,10124,10.10.1.11,11055,2424.18838381374
496.922814837686,10.10.2.6,10102,10.10.1.12,11025,23738.82671538303
496.9599217106411,10.10.2.6,10187,10.10.1.5,11092,2211.0516232285045
497.0161948720561,10.10.2.6,10113,10.10.1.8,11157,4308641.271735228
497.05122732679047,10.10.2.6,10176,10.10.1.1,11176,27107.213535325882
497.1518991653078,10.10.2.6,10044,10.10.1.6,11123,1719.04430188103
497.2073291046232,10.10.2.6,10121,10.10.1.15,11167,5331013.252726084
497.21054961008815,10.10.2.6,10185,10.10.1.12,11056,18379.62180749498
497.32604978729375,10.10.2.6,10002,10.10.1.4,11188,2766.2430262377893
497.44669297630315,10.10.2.6,10134,10.10.1.9,11168,31492.8216961717
497.6290681196216,10.10.2.6,10054,10.10.1.9,11194,34762.354276691854
497.67206517642364,10.10.2.6,10024,10.10.1.13,11114,1292163691.7639813
497.8881677058645,10.10.2.6,10134,10.10.1.1,11182,7033.803153337493
498.2287752158642,10.10.2.6,10008,10.10.1.14,11060,376665.5449226959
498.34986851824897,10.10.2.6,10081,10.10.1.10,11106,6847.480433089271
498.4462266704072,10.10.2.6,10109,10.10.1.15,11195,4388358.904235151
498.7425379825895,10.10.2.6,10166,10.10.1.7,11084,1592.2551769607076
498.93547678527506,10.10.2.6,10048,10.10.1.16,11198,10777154.256873978
498.9897894062893,10.10.2.6,10130,10.10.1.10,11188,7172.394782355075
499.1118219943063,10.10.2.6,10037,10.10.1.1,11165,10640721.474525608
499.1374163264404,10.10.2.6,10144,10.10.1.4,11172,5377294.6148236785
499.1709098992869,10.10.2.6,10195,10.10.1.1,11113,25818.21052576427
499.1902632816514,10.10.2.6,10032,10.10.1.16,11134,18965.430004273814
499.1944078487162,10.10.2.6,10064,10.10.1.2,11140,2320.9825850592197
499.20106617498584,10.10.2.6,10163,10.10.1.11,11020,15292.95187355073
499.379186589941,10.10.2.6,10068,10.10.1.11,11038,1558.812288675173
499.4328863392751,10.10.2.6,10115,10.10.1.9,11043,9664.420426522274
499.47470353169024,10.10.2.6,10011,10.10.1.13,11099,8462.461441118467
499.4755936252577,10.10.2.6,10091,10.10.1.8,11034,67697.61552410969
499.69784223423665,10.10.2.6,10071,10.10.1.8,11114,5479915.383556458
499.733808338291,10.10.2.6,10078,10.10.1.4,11037,17203.12819339158
499.76090982303,10.10.2.6,10162,10.10.1.14,11036,7379.82874700464
499.76959347465646,10.10.2.6,10046,10.10.1.4,11116,7093.49154634238
500.0438160290248,10.10.2.6,10167,10.10.1.14,11036,2559.133517254729
500.5176158342561,10.10.2.6,10136,10.10.1.16,11017,71118.64125564645
501.00571248539393,10.10.2.6,10007,10.10.1.10,11032,16660.868096673323
501.0175380603379,10.10.2.6,10057,10.10.1.9,11036,1574.6520233343203
501.05890569505095,10.10.2.6,10193,10.10.1.10,11076,5614.925671892005
501.1748970390097,10.10.2.6,10125,10.10.1.1,11158,2659.37413757033
501.3577036183434,10.10.2.6,10047,10.10.1.12,11052,38979706.69842521
501.3920398671023,10.10.2.6,10171,10.10.1.6,11019,96825.19162282802
501.4570885244351,10.10.2.6,10084,10.10.1.3,11024,75208.86162240902
501.49784439613893,10.10.2.6,10043,10.10.1.13,11189,114036.6110870481
501.51887470377204,10.10.2.6,10153,10.10.1.3,11085,33585.76170596628
501.58355184811444,10.10.2.6,10031,10.10.1.7,11172,5191.657580767184
501.8167644392173,10.10.2.6,10147,10.10.1.10,11043,88400.06393971744
502.0207499795783,10.10.2.6,10041,10.10.1.15,11175,4825.36090226207
502.02350355539033,10.10.2.6,10191,10.10.1.11,11049,3014.7931772465845
502.1159334404888,10.10.2.6,10015,10.10.1.4,11176,5480850.4145018775
502.2429631850406,10.10.2.6,10030,10.10.1.7,11158,38230.53301359773
502.26496730801193,10.10.2.6,10050,10.10.1.2,11177,2058.5113241701843
502.54076476892766,10.10.2.6,10054,10.10.1.9,11126,31168815.033841413
502.6732946273688,10.10.2.6,10086,10.10.1.9,11138,21721.673744704203
502.9130979203489,10.10.2.6,10191,10.10.1.4,11135,45275637.6175519
503.1973303497889,10.10.2.6,10186,10.10.1.10,11081,8931.752689666768
503.34188033703066,10.10.2.6,10194,10.10.1.2,11083,37640.92250119417
503.39335511662244,10.10.2.6,10123,10.10.1.2,11165,15862.216541345804
503.47539453914106,10.10.2.6,10055,10.10.1.10,11042,31103.871245980394
503.49398583854486,10.10.2.6,10017,10.10.1.7,11051,142043414.73776394
503.5102744017269,10.10.2.6,10191,10.10.1.4,11049,19683.339675756233
503.5215717834187,10.10.2.6,10075,10.10.1.13,11135,25600.48025329832
503.5268371074489,10.10.2.6,10086,10.10.1.1,11078,22738.38428325332
503.5949733946113,10.10.2.6,10106,10.10.1.3,11062,22950.1790331322
503.73244818636834,10.10.2.6,10084,10.10.1.4,11192,3414.534916857772
503.8137247854613,10.10.2.6,10109,10.10.1.16,11165,1779.3795022070199
503.8287454187388,10.10.2.6,10004,10.10.1.3,11015,6524.376778672599
503.8515637854329,10.10.2.6,10086,10.10.1.13,11048,62416.062932712055
504.06542512236047,10.10.2.6,10093,10.10.1.14,11165,44043038.14027049
504.30995514345904,10.10.2.6,10071,10.10.1.11,11014,237451.63163703555
504.3447171286026,10.10.2.6,10026,10.10.1.13,11139,72019.69818720072
504.3480476620886,10.10.2.6,10178,10.10.1.8,11069,2908.640221131387
504.37691206211224,10.10.2.6,10060,10.10.1.12,11118,21926.199656994584
504.42773103466794,10.10.2.6,10003,10.10.1.3,11102,2491.562983469737
504.5496671777118,10.10.2.6,10003,10.10.1.4,11028,1472054599.436486
504.56913805024743,10.10.2.6,10181,10.10.1.4,11193,66609.50406843159
504.7061570590083,10.10.2.6,10017,10.10.1.13,11052,60292.32736885527
504.77305880394,10.10.2.6,10064,10.10.1.2,11008,4545499.368639737
504.87964931393634,10.10.2.6,10188,10.10.1.5,11126,5558678.916328341
504.89636904060654,10.10.2.6,10060,10.10.1.3,11169,4581.544380691711
505.0263704492782,10.10.2.6,10031,10.10.1.8,11110,44329.96284363337
505.0461596638414,10.10.2.6,10056,10.10.1.7,11176,7923.328862663211
505.08701487159084,10.10.2.6,10137,10.10.1.10,11026,1423348181.8768563
505.20315964199193,10.10.2.6,10019,10.10.1.11,11023,31735.94822029514
505.219977973549,10.10.2.6,10148,10.10.1.10,11108,4692.886591693953
505.3999763003118,10.10.2.6,10061,10.10.1.1,11023,1204755089.6495302
505.4604335649414,10.10.2.6,10023,10.10.1.6,11085,2085.4856967602354
505.473583875861,10.10.2.6,10161,10.10.1.9,11111,37096.74574796939
505.6256606313025,10.10.2.6,10083,10.10.1.2,11178,28301.19602236913
505.69688540853434,10.10.2.6,10180,10.10.1.8,11019,2654.1206804466283
505.70856792257786,10.10.2.6,10032,10.10.1.8,11177,12020.826914669198
505.80579434539254,10.10.2.6,10166,10.10.1.2,11104,3105.8402933870398
505.80959966545794,10.10.2.6,10098,10.10.1.3,11053,89524.77211488372
505.8582144867748,10.10.2.6,10066,10.10.1.10,11145,5276744.645810314
505.8862495282481,10.10.2.6,10114,10.10.1.5,11034,114589.66005165844
506.1814483574992,10.10.2.6,10178,10.10.1.14,11144,6675.176879683015
506.2445004598007,10.10.2.6,10023,10.10.1.9,11015,2165.350940647521
506.2691942395705,10.10.2.6,10049,10.10.1.15,11154,5847903.0825111745
506.40335877306217,10.10.2.6,10197,10.10.1.11,11093,1821.1696771052289
506.43547762423987,10.10.2.6,10139,10.10.1.3,11155,4467025.379129972
506.56866639223466,10.10.2.6,10194,10.10.1.16,11033,2834.4685456516345
506.61360259735346,10.10.2.6,10076,10.10.1.16,11143,7856.560972523299
506.6777283013606,10.10.2.6,10125,10.10.1.5,11035,24336.815924100552
506.8008444600624,10.10.2.6,10018,10.10.1.15,11076,2868.908512716246
506.9210527244296,10.10.2.6,10168,10.10.1.3,11107,4718189.958153216
506.94486017972946,10.10.2.6,10186,10.10.1.6,11104,1888.8473854516506
506.9984670921633,10.10.2.6,10173,10.10.1.14,11166,43373048.42388749
507.0911988485374,10.10.2.6,10131,10.10.1.7,11163,38496363.56239232
507.12889505184467,10.10.2.6,10180,10.10.1.7,11154,902172617.789437
507.24149517641877,10.10.2.6,10194,10.10.1.9,11197,26797.15785871569
507.25854034189894,10.10.2.6,10164,10.10.1.16,11001,1701.7241808787605
507.26447223846304,10.10.2.6,10043,10.10.1.10,11178,21650.401414910197
507.398482876543,10.10.2.6,10079,10.10.1.8,11129,3255.9490540869115
507.41205074727355,10.10.2.6,10023,10.10.1.9,11118,1758417983.8955016
507.4382454283592,10.10.2.6,10078,10.10.1.10,11188,2464.563346214893
507.60509803761914,10.10.2.6,10147,10.10.1.3,11082,45409778.73136927
507.8075864935554,10.10.2.6,10066,10.10.1.16,11183,3768761.3241296993
507.8122611573376,10.10.2.6,10089,10.10.1.8,11127,24296.57438013058
507.8298514825329,10.10.2.6,10110,10.10.1.8,11182,7550.973988895684
507.8548367141017,10.10.2.6,10046,10.10.1.15,11091,2384.6904820765844
508.0170476732142,10.10.2.6,10020,10.10.1.10,11016,3980866.4374070624
508.08138909973667,10.10.2.6,10098,10.10.1.5,11008,1174469.4013451186
508.20254576412157,10.10.2.6,10068,10.10.1.14,11164,32310.574841224792
508.21448907562836,10.10.2.6,10030,10.10.1.3,11072,22084.95168359533
508.23577966715555,10.10.2.6,10072,10.10.1.1,11151,38095.60286230947
508.26529146693986,10.10.2.6,10169,10.10.1.14,11185,47874.92902528083
508.266043369137,10.10.2.6,10120,10.10.1.15,11075,21459.729766823002
508.3867750957549,10.10.2.6,10001,10.10.1.7,11059,1866.645649621934
508.39959583140376,10.10.2.6,10140,10.10.1.14,11181,6250.026729469901
508.4040197752873,10.10.2.6,10115,10.10.1.7,11147,35033.23968800776
508.4145546315635,10.10.2.6,10173,10.10.1.13,11075,16127.814447396962
508.61246530719507,10.10.2.6,10126,10.10.1.16,11083,5958041.773944358
508.6905960962994,10.10.2.6,10109,10.10.1.3,11118,1831.7279306376752
508.7784154680921,10.10.2.6,10053,10.10.1.15,11179,30788.60758017266
508.8505357428306,10.10.2.6,10181,10.10.1.13,11033,2188.504329536299
508.9534876900739,10.10.2.6,10073,10.10.1.13,11140,10165.846225959998
509.04118593553375,10.10.2.6,10065,10.10.1.10,11000,19084.16543783173
509.04602417882575,10.10.2.6,10048,10.10.1.6,11193,8162964.6616168395
509.08099436868594,10.10.2.6,10063,10.10.1.8,11024,2481.6616765354283
509.1497708216107,10.10.2.6,10116,10.10.1.11,11176,4272.247582405947
509.34798505468063,10.10.2.6,10007,10.10.1.11,11054,22315.787439913896
509.4397444470671,10.10.2.6,10022,10.10.1.7,11158,579451.7807300547
509.64454945767295,10.10.2.6,10180,10.10.1.16,11147,61341.194944676485
509.7957130923244,10.10.2.6,10041,10.10.1.10,11044,45347.49920447235
509.8843931769704,10.10.2.6,10101,10.10.1.6,11079,5404.580109412225
509.9373672163303,10.10.2.6,10042,10.10.1.5,11106,2387.766393446229
509.98459629673954,10.10.2.6,10167,10.10.1.15,11129,837913.6376409311
510.01169636745647,10.10.2.6,10115,10.10.1.1,11115,857435761.1021589
510.02523941130465,10.10.2.6,10123,10.10.1.1,11168,45910929.037682064
510.04043805019154,10.10.2.6,10152,10.10.1.7,11175,3053.245107228853
510.06872124565666,10.10.2.6,10061,10.10.1.12,11040,3899.587770151284
510.1660161515682,10.10.2.6,10124,10.10.1.1,11089,3221.799675180041
510.279315526306,10.10.2.6,10075,10.10.1.14,11118,9846.911564307748
510.285304877198,10.10.2.6,10102,10.10.1.1,11004,2468.6924611966283
510.29710588711873,10.10.2.6,10109,10.10.1.15,11132,24983.37057280926
510.47383974495875,10.10.2.6,10088,10.10.1.8,11038,1872.7728371394583
510.5103622761879,10.10.2.6,10176,10.10.1.1,11056,47381.80806220731
510.9099215314946,10.10.2.6,10071,10.10.1.4,11083,6730.024690888017
510.91022913462075,10.10.2.6,10086,10.10.1.1,11198,2685.427953356563
511.2319869922688,10.10.2.6,10048,10.10.1.13,11136,5489070.931830082
511.5984637061406,10.10.2.6,10113,10.10.1.10,11126,29684.73109382052
511.7731988926185,10.10.2.6,10183,10.10.1.2,11119,21824.348479819346
511.7839914493552,10.10.2.6,10085,10.10.1.3,11135,3651.9273221616354
511.9972420889064,10.10.2.6,10113,10.10.1.3,11106,7759.888227551179
512.011448001069,10.10.2.6,10062,10.10.1.7,11006,1521.41869813361
512.2640239952002,10.10.2.6,10065,10.10.1.3,11143,4500025.307102173
512.372144756753,10.10.2.6,10107,10.10.1.15,11048,4591.381159143313
512.4706282091832,10.10.2.6,10125,10.10.1.8,11043,6100765.991716133
512.4748772433775,10.10.2.6,10106,10.10.1.8,11058,5889.845799096468
512.518139553278,10.10.2.6,10124,10.10.1.6,11117,3516.6873179597055
512.5577659945548,10.10.2.6,10180,10.10.1.12,11064,6278.922744725591
512.5613290165749,10.10.2.6,10058,10.10.1.9,11191,3866.157260082901
512.6535001406482,10.10.2.6,10121,10.10.1.12,11020,3727.1876717566442
512.761218381475,10.10.2.6,10163,10.10.1.9,11175,24938.72412229772
512.7791192761871,10.10.2.6,10075,10.10.1.11,11152,3796431.941035415
512.7885541049889,10.10.2.6,10186,10.10.1.4,11194,37059.79468109525
512.7983764053776,10.10.2.6,10120,10.10.1.6,11057,10035.631265003647
512.920376713657,10.10.2.6,10080,10.10.1.4,11080,75506.28301529952
512.996789287663,10.10.2.6,10004,10.10.1.14,11128,48850.76945409451
513.04035842615,10.10.2.6,10177,10.10.1.8,11186,35085.20227985079
513.2318621083365,10.10.2.6,10046,10.10.1.2,11125,41088.83742341311
513.3361461722369,10.10.2.6,10095,10.10.1.5,11049,5853.84090419544
513.510876679509,10.10.2.6,10096,10.10.1.2,11007,3490.3654202631124
513.7667370193888,10.10.2.6,10039,10.10.1.7,11196,18058.339710121356
513.836128356725,10.10.2.6,10160,10.10.1.4,11058,46441.482168166316
513.9516606546382,10.10.2.6,10130,10.10.1.11,11171,8045359.735561326
513.9930954804021,10.10.2.6,10164,10.10.1.14,11016,2409.33067366056
514.1497807802348,10.10.2.6,10008,10.10.1.7,11062,38897.819612031075
514.203762507075,10.10.2.6,10102,10.10.1.12,11065,5201.8397306641145
514.5040338701015,10.10.2.6,10019,10.10.1.8,11143,789791964.0916455
514.7228023383178,10.10.2.6,10114,10.10.1.2,11191,9839.35563541559
514.8986522427558,10.10.2.6,10129,10.10.1.9,11030,45240.17511614188
514.9928150596188,10.10.2.6,10081,10.10.1.1,11001,23099.669856272354
515.035300541578,10.10.2.6,10010,10.10.1.9,11156,82305.64857533005
515.0693515799126,10.10.2.6,10072,10.10.1.7,11128,8300.483148633686
515.1819221890582,10.10.2.6,10072,10.10.1.11,11046,3079.159196212918
515.2122278287524,10.10.2.6,10015,10.10.1.9,11020,6235.181267297147
515.371499664118,10.10.2.6,10065,10.10.1.5,11041,35044.36527592629
515.3963279801375,10.10.2.6,10009,10.10.1.12,11110,1870.7648807410235
515.4514300089003,10.10.2.6,10061,10.10.1.15,11003,6513.5660052826715
515.5263929557051,10.10.2.6,10176,10.10.1.3,11186,76606.94328539143
515.5451595760301,10.10.2.6,10123,10.10.1.10,11184,4213.1645891727985
515.6382103655294,10.10.2.6,10139,10.10.1.15,11072,2292.671033612977
515.6579399573088,10.10.2.6,10118,10.10.1.15,11117,74642.72052616326
515.746957168022,10.10.2.6,10144,10.10.1.10,11054,3870.184264428937
515.7856623639674,10.10.2.6,10118,10.10.1.13,11063,43562.80785603953
515.8449414798501,10.10.2.6,10052,10.10.1.5,11013,5403.74179266765
515.9606905132662,10.10.2.6,10017,10.10.1.5,11057,6361.615086517929
516.0153948530372,10.10.2.6,10010,10.10.1.6,11071,15959.254821107012
516.1476411179281,10.10.2.6,10186,10.10.1.1,11157,8291.454293354778
516.384031079887,10.10.2.6,10127,10.10.1.13,11174,3240.2429260328668
516.4420387839335,10.10.2.6,10049,10.10.1.3,11129,1877.1185283198524
516.545444573827,10.10.2.6,10129,10.10.1.7,11170,1531.2714869909848
516.6137285390002,10.10.2.6,10084,10.10.1.4,11055,23258.854224445928
516.6299446581609,10.10.2.6,10129,10.10.1.8,11066,6915.500889835495
516.6442260264298,10.10.2.6,10174,10.10.1.3,11145,112153.90428559131
516.6771018088826,10.10.2.6,10069,10.10.1.10,11025,91323.46449231611
516.9690523077054,10.10.2.6,10163,10.10.1.16,11173,4625.024880293808
516.9849597029186,10.10.2.6,10009,10.10.1.12,11046,68514.73222482901
517.0065032614041,10.10.2.6,10110,10.10.1.15,11109,5117.3980957736985
517.0113849234673,10.10.2.6,10072,10.10.1.10,11036,28508.12436622646
517.5069498263086,10.10.2.6,10069,10.10.1.7,11169,6800.699873511667
517.5258501692132,10.10.2.6,10008,10.10.1.3,11144,4318515.584833842
517.5342318296814,10.10.2.6,10137,10.10.1.12,11019,15309.280573372389
517.5389103278255,10.10.2.6,10185,10.10.1.2,11138,20881.28143516232
517.7757035533331,10.10.2.6,10017,10.10.1.8,11114,2906.037042182616
517.8406339931539,10.10.2.6,10174,10.10.1.4,11168,2333.0065897620957
517.9473082733597,10.10.2.6,10180,10.10.1.6,11160,2818.6270666315327
518.0450376389389,10.10.2.6,10054,10.10.1.4,11162,81482.3347551369
518.1448558242406,10.10.2.6,10150,10.10.1.9,11129,5364.970215416641
518.1546433865299,10.10.2.6,10187,10.10.1.2,11016,2302.9070946236357
518.1633844933258,10.10.2.6,10058,10.10.1.10,11051,9502.237072799928
518.1679295459805,10.10.2.6,10196,10.10.1.15,11024,34888.10877312318
518.1800646911751,10.10.2.6,10198,10.10.1.3,11083,27778.99146669195
518.3405245851494,10.10.2.6,10102,10.10.1.3,11082,4733.775213922914
518.40607907343,10.10.2.6,10078,10.10.1.12,11031,5006509.151530306
518.4888306175845,10.10.2.6,10063,10.10.1.13,11071,48710.136201927315
518.5499047849886,10.10.2.6,10197,10.10.1.8,11063,19605.556539437806
518.573119925799,10.10.2.6,10126,10.10.1.7,11025,5101436.97112413
518.702444998097,10.10.2.6,10147,10.10.1.6,11069,10672.873542656118
518.9869521268267,10.10.2.6,10183,10.10.1.9,11107,40244.336300372386
519.0540448082651,10.10.2.6,10027,10.10.1.7,11177,5228.149099274517
519.0734270747182,10.10.2.6,10111,10.10.1.6,11155,33314.497833671514
519.3086696257726,10.10.2.6,10006,10.10.1.2,11110,2721.738186247393
519.320181142712,10.10.2.6,10156,10.10.1.2,11038,2020.5418718112503
519.3301700284572,10.10.2.6,10184,10.10.1.11,11059,5235312.860105297
519.8359871150062,10.10.2.6,10066,10.10.1.7,11168,56815.36683738082
519.8601793147774,10.10.2.6,10027,10.10.1.14,11000,12167.955104511955
520.015010899917,10.10.2.6,10128,10.10.1.6,11024,30343.85684967028
520.1519118067589,10.10.2.6,10076,10.10.1.3,11050,24538.01591274417
520.2209150405533,10.10.2.6,10195,10.10.1.9,11043,15743.634082310396
520.576906326274,10.10.2.6,10186,10.10.1.1,11000,95264.43722486668
520.5881311259182,10.10.2.6,10112,10.10.1.10,11131,26178.19886382832
520.6213398844293,10.10.2.6,10021,10.10.1.4,11150,23305.31282701429
520.7710467038619,10.10.2.6,10140,10.10.1.6,11184,1631.6199478907502
520.914370232139,10.10.2.6,10141,10.10.1.12,11191,76667.08751567225
520.9469100555716,10.10.2.6,10154,10.10.1.11,11031,15363.620901872802
521.0345411226749,10.10.2.6,10047,10.10.1.6,11151,67755.32297694522
521.0436496628928,10.10.2.6,10092,10.10.1.14,11137,797883969.0347692
521.0749285632353,10.10.2.6,10059,10.10.1.14,11042,24501.282873075535
521.094337304571,10.10.2.6,10067,10.10.1.6,11143,5980.959511665909
521.2353926712932,10.10.2.6,10087,10.10.1.6,11162,44663.374923706244
521.4714133810527,10.10.2.6,10016,10.10.1.7,11168,1425954859.0915017
521.5897959796238,10.10.2.6,10151,10.10.1.11,11083,4256.769378068642
521.5927594862625,10.10.2.6,10155,10.10.1.8,11011,93101842.38904557
521.6424366838397,10.10.2.6,10015,10.10.1.8,11198,25580.439317791526
521.662606427382,10.10.2.6,10073,10.10.1.1,11132,2356.909991616201
521.7191895289812,10.10.2.6,10128,10.10.1.9,11058,70728.08795357421
521.7321334121376,10.10.2.6,10140,10.10.1.13,11114,953665274.623689
522.045777287997,10.10.2.6,10055,10.10.1.15,11055,1592.5132037124465
522.1662946635431,10.10.2.6,10092,10.10.1.3,11018,1901.7380847618049
522.2553585968965,10.10.2.6,10101,10.10.1.2,11111,5877.085496948238
522.3600558741963,10.10.2.6,10092,10.10.1.6,11112,28117.151279377707
522.4049474461382,10.10.2.6,10117,10.10.1.5,11104,2602.3224267081364
522.5218529091238,10.10.2.6,10054,10.10.1.3,11044,31926535.435392138
522.5989666304315,10.10.2.6,10179,10.10.1.3,11039,45595.013966512844
522.6989101654531,10.10.2.6,10165,10.10.1.9,11005,3079.474951982672
522.7889987009308,10.10.2.6,10080,10.10.1.3,11178,4807565.485765745
522.847723765233,10.10.2.6,10138,10.10.1.14,11119,3687.2235498735295
522.9636620612448,10.10.2.6,10071,10.10.1.13,11027,4578.910605489299
523.0135114789183,10.10.2.6,10036,10.10.1.16,11198,2192.3839819587283
523.2428294951112,10.10.2.6,10054,10.10.1.11,11092,5294885.2275349
523.3523553144115,10.10.2.6,10107,10.10.1.7,11043,978573519.6808038
523.3578768621107,10.10.2.6,10160,10.10.1.1,11131,7891.840646761836
523.428559042815,10.10.2.6,10125,10.10.1.2,11016,47877.53880048224
523.4342955050579,10.10.2.6,10189,10.10.1.3,11008,5068.015877594081
523.5518668528882,10.10.2.6,10095,10.10.1.12,11119,17898.913476756712
523.6442188093013,10.10.2.6,10182,10.10.1.5,11117,5096991.9926933395
523.6658917683965,10.10.2.6,10121,10.10.1.13,11149,18655.97408169629
523.7324143423648,10.10.2.6,10025,10.10.1.13,11017,4054588.25525581
523.7411235060146,10.10.2.6,10146,10.10.1.2,11160,198403.18243476117
523.7989606362919,10.10.2.6,10163,10.10.1.14,11182,5086.471317700662
523.7997533435396,10.10.2.6,10142,10.10.1.8,11137,81369.30895709335
523.8233176974588,10.10.2.6,10028,10.10.1.1,11148,3248.3778911442973
523.9964390016328,10.10.2.6,10034,10.10.1.15,11025,1442245337.259582
524.1016828044686,10.10.2.6,10050,10.10.1.2,11146,807716.3532034236
524.2651718007804,10.10.2.6,10049,10.10.1.6,11081,1937.9713549845956
524.3993430735684,10.10.2.6,10076,10.10.1.11,11009,12289454.839646924
524.3999659359015,10.10.2.6,10143,10.10.1.7,11132,4867.9230031869265
524.5233577945153,10.10.2.6,10073,10.10.1.10,11195,6049.199410107733
524.592379333118,10.10.2.6,10129,10.10.1.13,11124,21268.227389481526
524.6200399400234,10.10.2.6,10189,10.10.1.12,11085,46100959.93018721
524.733866669392,10.10.2.6,10192,10.10.1.13,11042,6810.199097646659
524.7373871445226,10.10.2.6,10033,10.10.1.1,11076,20001.492385660593
524.8357101978489,10.10.2.6,10080,10.10.1.13,11010,1530.849663348617
524.9264667874273,10.10.2.6,10136,10.10.1.11,11102,3415.4307600741786
524.9756297264433,10.10.2.6,10002,10.10.1.5,11168,18298.409091773738
525.0506196407355,10.10.2.6,10040,10.10.1.15,11165,16688.86834063498
525.2622533930531,10.10.2.6,10057,10.10.1.2,11141,5512.008570550917
525.4539235828579,10.10.2.6,10098,10.10.1.6,11171,2136.567648289648
525.4539818285153,10.10.2.6,10194,10.10.1.5,11138,21238.99348463056
525.4675730363215,10.10.2.6,10150,10.10.1.13,11002,1839.069210795347
525.6188405961676,10.10.2.6,10102,10.10.1.6,11159,22070.6252391111
525.6897166193739,10.10.2.6,10049,10.10.1.9,11129,2397.436065468501
525.8829077994345,10.10.2.6,10059,10.10.1.14,11097,3347.314544111423
525.8964585629132,10.10.2.6,10102,10.10.1.9,11069,2485.0360339411586
526.0246807829284,10.10.2.6,10107,10.10.1.4,11012,1857.4385616881743
526.0419139395815,10.10.2.6,10057,10.10.1.14,11161,4143.422955468571
526.0673602917267,10.10.2.6,10198,10.10.1.11,11021,4630.61363643575
526.1885150066844,10.10.2.6,10114,10.10.1.16,11008,25001.015863473134
526.2279994069529,10.10.2.6,10193,10.10.1.8,11174,23334.451388857262
526.2292678284151,10.10.2.6,10068,10.10.1.10,11140,7388.199463179631
526.3836774457205,10.10.2.6,10182,10.10.1.7,11046,26565.043806223675
526.3912303003203,10.10.2.6,10088,10.10.1.10,11143,1669.182866947565
526.6507084742719,10.10.2.6,10123,10.10.1.9,11169,45761.668858993056
526.7601631594003,10.10.2.6,10051,10.10.1.11,11123,2633.993190429024
526.8981192576919,10.10.2.6,10123,10.10.1.10,11127,2378.582672500616
527.0476973755883,10.10.2.6,10100,10.10.1.1,11017,3482.3876728635596
527.0790305997986,10.10.2.6,10140,10.10.1.10,11195,5907.695235200293
527.1145591260814,10.10.2.6,10023,10.10.1.13,11100,22149.561586715754
527.1369261635027,10.10.2.6,10071,10.10.1.13,11049,6364.569353462382
527.1760956391132,10.10.2.6,10043,10.10.1.10,11002,16639.066648831482
527.234686867933,10.10.2.6,10162,10.10.1.6,11046,32796.55279865329
527.2637733856515,10.10.2.6,10154,10.10.1.15,11062,16968.87845397452
527.4798418965893,10.10.2.6,10151,10.10.1.7,11057,47957.46036429719
527.4817213956394,10.10.2.6,10041,10.10.1.4,11012,9492.411744867846
527.5183126491684,10.10.2.6,10155,10.10.1.3,11110,32945.1253998496
527.6121441555133,10.10.2.6,10092,10.10.1.15,11161,4671495.19314731
527.7721486884402,10.10.2.6,10051,10.10.1.3,11146,2883.4402339868034
527.960943305274,10.10.2.6,10074,10.10.1.12,11021,1854.5161759326163
527.9793798900905,10.10.2.6,10162,10.10.1.7,11080,1276413144.8333561
528.3206770429821,10.10.2.6,10068,10.10.1.15,11189,5966.1092901894135
528.3826321438266,10.10.2.6,10183,10.10.1.4,11078,68783.42658851504
528.5902640473631,10.10.2.6,10104,10.10.1.5,11024,35050.53764283131
528.7479986689759,10.10.2.6,10001,10.10.1.4,11083,61571.519434328904
528.8314143283064,10.10.2.6,10049,10.10.1.14,11024,2472.221449117468
528.8540285000673,10.10.2.6,10101,10.10.1.16,11107,2198.762100815582
529.0245868971562,10.10.2.6,10018,10.10.1.6,11124,4876.800995017036
529.0426153190919,10.10.2.6,10193,10.10.1.4,11188,27411.543948933788
529.0538079625741,10.10.2.6,10112,10.10.1.14,11011,1615.1124610457234
529.118799126613,10.10.2.6,10062,10.10.1.14,11023,78487.55135298888
529.1264925142194,10.10.2.6,10048,10.10.1.3,11090,48829.2650531167
529.198389731203,10.10.2.6,10183,10.10.1.5,11175,4056274.2385396846
529.2810268409995,10.10.2.6,10083,10.10.1.8,11166,116264.3929824565
529.3065901774469,10.10.2.6,10182,10.10.1.16,11061,8873.69190967093
529.3756876872643,10.10.2.6,10102,10.10.1.7,11104,3811650.9959476027
529.3898003124743,10.10.2.6,10062,10.10.1.14,11034,74279.06001930768
529.4542628545469,10.10.2.6,10146,10.10.1.13,11134,11437.006888019447
529.4590847651259,10.10.2.6,10184,10.10.1.8,11136,2282.2129518080783
529.4654316935687,10.10.2.6,10123,10.10.1.4,11050,6148772.161912734
529.5132024917747,10.10.2.6,10082,10.10.1.11,11175,22770.080049216762
529.5376798072568,10.10.2.6,10098,10.10.1.7,11187,3201.79289958107
529.740780312948,10.10.2.6,10001,10.10.1.10,11097,1760.2531204704667
529.8438315073261,10.10.2.6,10187,10.10.1.4,11003,33979.03449324103
529.8604291637293,10.10.2.6,10066,10.10.1.3,11157,49796725.90253279
530.1042761047154,10.10.2.6,10019,10.10.1.8,11107,1996.3828063220274
530.135872844617,10.10.2.6,10092,10.10.1.16,11180,7853.274000501869
530.274404177184,10.10.2.6,10179,10.10.1.14,11051,4771206.245545593
530.2997213369051,10.10.2.6,10065,10.10.1.13,11030,64789.096318533935
530.4512725342228,10.10.2.6,10100,10.10.1.13,11088,20822.079002064318
530.5369332969312,10.10.2.6,10144,10.10.1.11,11143,45438.37685928552
530.7087087962703,10.10.2.6,10099,10.10.1.9,11031,37604393.40642879
530.8030101932568,10.10.2.6,10123,10.10.1.10,11129,3917.674696948918
530.848172637818,10.10.2.6,10015,10.10.1.16,11151,103680.38769313302
531.1152639083004,10.10.2.6,10029,10.10.1.7,11129,4540.165577987739
531.123188718271,10.10.2.6,10088,10.10.1.10,11056,35336.117005909146
531.3148731896252,10.10.2.6,10068,10.10.1.6,11042,390163.68159179366
531.4675087387379,10.10.2.6,10089,10.10.1.8,11166,9620.090349894464
531.5893890964506,10.10.2.6,10135,10.10.1.15,11049,4837.562092755871
531.6000940395239,10.10.2.6,10191,10.10.1.3,11147,46326.76478260325
531.6749163757843,10.10.2.6,10044,10.10.1.12,11043,47460.72318716133
532.2124185985997,10.10.2.6,10010,10.10.1.5,11162,109830793.97738819
532.3380798999667,10.10.2.6,10116,10.10.1.2,11102,93271.00538450528
532.3439542893282,10.10.2.6,10049,10.10.1.7,11165,25191.161363682586
532.3480367115948,10.10.2.6,10079,10.10.1.4,11079,22558.18379632196
532.485498192662,10.10.2.6,10182,10.10.1.14,11087,4641055.8900186485
532.5607503334437,10.10.2.6,10049,10.10.1.1,11062,3475.560108769367
532.6951387452569,10.10.2.6,10070,10.10.1.2,11036,1864.7883328637731
532.8520498734082,10.10.2.6,10102,10.10.1.3,11102,32559.81197833069
533.1691536640732,10.10.2.6,10196,10.10.1.10,11153,1223784848.5533988
533.2717341314594,10.10.2.6,10134,10.10.1.3,11047,3083.438446346902
533.3644233726354,10.10.2.6,10008,10.10.1.5,11134,7254.771466516279
533.4080307455079,10.10.2.6,10098,10.10.1.8,11131,7098.773629195267
533.4789318351521,10.10.2.6,10047,10.10.1.12,11018,9247.237349390567
533.4847401920548,10.10.2.6,10192,10.10.1.3,11067,36670.97777089572
533.53523661024,10.10.2.6,10131,10.10.1.9,11050,2081.5055504277766
533.5464140593251,10.10.2.6,10067,10.10.1.9,11024,140084175.5341088
533.5596808332738,10.10.2.6,10029,10.10.1.14,11171,2474.9537587771047
533.5703320399012,10.10.2.6,10068,10.10.1.16,11047,2340.65288264014
533.6553442869924,10.10.2.6,10112,10.10.1.1,11166,4845.448280203972
533.7883620008055,10.10.2.6,10056,10.10.1.11,11177,7268.1435196884
533.8207400777304,10.10.2.6,10170,10.10.1.6,11108,22280.667742832888
533.8491511842689,10.10.2.6,10165,10.10.1.2,11165,66286.64960546103
533.9016024904066,10.10.2.6,10046,10.10.1.7,11062,4568.672366639821
534.1504153868623,10.10.2.6,10034,10.10.1.14,11127,10946.04962347327
534.1638865847322,10.10.2.6,10192,10.10.1.8,11021,16596.943831418055
534.4970481684298,10.10.2.6,10102,10.10.1.9,11073,1907.619138987026
534.5697501130555,10.10.2.6,10113,10.10.1.3,11196,3270.8420473911488
534.7159123538285,10.10.2.6,10010,10.10.1.10,11020,1627.461233525546
534.9922179238,10.10.2.6,10171,10.10.1.13,11052,9815.110312584695
535.1532433941053,10.10.2.6,10155,10.10.1.4,11035,123664257.78953311
535.3021538254967,10.10.2.6,10102,10.10.1.13,11152,6666.36042677745
535.3032031244924,10.10.2.6,10058,10.10.1.4,11091,3977.3272545339178
535.3480661043747,10.10.2.6,10083,10.10.1.16,11166,2761.2903168462067
535.4153598058297,10.10.2.6,10129,10.10.1.3,11184,892803.3006742432
535.4306122735721,10.10.2.6,10013,10.10.1.7,11062,106675.10721747293
535.6252961912396,10.10.2.6,10088,10.10.1.10,11018,23151.446138444746
535.8016411341343,10.10.2.6,10090,10.10.1.13,11045,21651.700396619086
535.8692810510371,10.10.2.6,10146,10.10.1.13,11016,10773936388.174623
535.902772871159,10.10.2.6,10134,10.10.1.2,11007,5234184.437319926
536.1580826506719,10.10.2.6,10047,10.10.1.1,11182,103806046.01554929
536.2169953362732,10.10.2.6,10141,10.10.1.8,11034,3292.0305044766214
536.2470421045429,10.10.2.6,10122,10.10.1.2,11150,2296.899637849842
536.3517491107432,10.10.2.6,10092,10.10.1.2,11184,45703.757524648165
536.4406904374778,10.10.2.6,10045,10.10.1.8,11124,44837.84337154643
536.5555769365614,10.10.2.6,10029,10.10.1.16,11039,7440.852166521662
536.6218690998797,10.10.2.6,10195,10.10.1.9,11036,23166.071417661242
536.6507543502842,10.10.2.6,10146,10.10.1.7,11095,6035.298742689295
536.7388476202764,10.10.2.6,10191,10.10.1.8,11159,9570.244488031554
536.8193530343226,10.10.2.6,10156,10.10.1.3,11032,4618.975508154428
537.2009391525202,10.10.2.6,10152,10.10.1.9,11184,33719.386596250966
537.2481097278237,10.10.2.6,10091,10.10.1.12,11034,6414.816448926205
537.3649511776771,10.10.2.6,10008,10.10.1.3,11045,1784.970044825594
537.387815131683,10.10.2.6,10187,10.10.1.10,11052,1883.03133498843
537.7532889711912,10.10.2.6,10123,10.10.1.9,11190,6502.532021664296
537.8247926543995,10.10.2.6,10052,10.10.1.4,11033,1701.9464842343364
537.8387114517981,10.10.2.6,10082,10.10.1.8,11119,6143.07694306392
537.9352054197035,10.10.2.6,10117,10.10.1.4,11161,3366.275026996393
538.0093110966883,10.10.2.6,10196,10.10.1.5,11038,34946034.67129398
538.1841844461569,10.10.2.6,10141,10.10.1.9,11084,1888.038959258217
538.2408056295545,10.10.2.6,10130,10.10.1.10,11150,3278.270983963237
538.4038486259034,10.10.2.6,10144,10.10.1.14,11052,30662.954036204177
538.4814891673137,10.10.2.6,10194,10.10.1.11,11028,6840.738160619331
538.6154093401764,10.10.2.6,10182,10.10.1.16,11187,34362.89841273097
538.6180831205188,10.10.2.6,10036,10.10.1.15,11119,34519.12032548777
538.6347388289964,10.10.2.6,10013,10.10.1.9,11093,1952.4847832905434
538.8640248956626,10.10.2.6,10127,10.10.1.10,11133,45412.74966905939
538.9086816940512,10.10.2.6,10143,10.10.1.8,11150,56190.95677837078
539.1307161513852,10.10.2.6,10127,10.10.1.12,11005,2860.1693608587575
539.4297122252028,10.10.2.6,10146,10.10.1.14,11126,227716.080356699
539.4382893808817,10.10.2.6,10042,10.10.1.13,11056,36172.35081922365
539.5041075863389,10.10.2.6,10053,10.10.1.7,11082,2310.0768280675507
539.6067858710201,10.10.2.6,10111,10.10.1.6,11080,93611724.95361519
539.6676984011706,10.10.2.6,10140,10.10.1.14,11150,34196144.68942264
539.812268301259,10.10.2.6,10067,10.10.1.16,11143,122669.79237412254
539.8190913115184,10.10.2.6,10087,10.10.1.3,11020,5537.935623342788
539.8858306144152,10.10.2.6,10118,10.10.1.14,11024,33475.28716222238
539.9859437200319,10.10.2.6,10122,10.10.1.12,11169,4943.761400333497
540.1000399365962,10.10.2.6,10132,10.10.1.16,11032,3014.130845696342
540.4001075735189,10.10.2.6,10164,10.10.1.15,11184,3547.944375986273
540.4172075109166,10.10.2.6,10057,10.10.1.12,11048,1810.7735650834616
540.4455871296888,10.10.2.6,10055,10.10.1.6,11115,5653305.030369304
540.7673275235975,10.10.2.6,10034,10.10.1.10,11130,11595.612394565795
540.9113722162249,10.10.2.6,10032,10.10.1.3,11041,10009.063817696613
540.9866514691568,10.10.2.6,10006,10.10.1.14,11063,5627414.917911636
541.0833108275095,10.10.2.6,10175,10.10.1.16,11097,4793.841064779927
541.1054288927745,10.10.2.6,10031,10.10.1.8,11067,21196.42501222831
541.1133754011802,10.10.2.6,10023,10.10.1.4,11130,2297.1478164225136
541.1264698561383,10.10.2.6,10114,10.10.1.12,11021,2101.359185332604
541.1444028055186,10.10.2.6,10073,10.10.1.11,11017,9291.602484408068
541.1513991639705,10.10.2.6,10114,10.10.1.3,11037,42768199.65828263
541.327551377673,10.10.2.6,10082,10.10.1.13,11090,24359.080501955643
541.38621912019,10.10.2.6,10015,10.10.1.12,11103,25142.46625920552
541.4954165684112,10.10.2.6,10039,10.10.1.16,11069,1966.0633441669202
541.5018461763847,10.10.2.6,10178,10.10.1.14,11152,22705.65114909554
541.5101019308809,10.10.2.6,10048,10.10.1.16,11059,4583589.352722165
541.5570284299429,10.10.2.6,10066,10.10.1.9,11011,15859.934419272202
541.5871495163124,10.10.2.6,10028,10.10.1.6,11128,9552.931085636916
541.6898797292863,10.10.2.6,10107,10.10.1.11,11068,4790545.599569831
541.929292965209,10.10.2.6,10183,10.10.1.3,11143,18654.35212232902
541.9555426139987,10.10.2.6,10105,10.10.1.12,11113,63375.606219320034
542.0160751566626,10.10.2.6,10162,10.10.1.9,11054,4809788.1327418545
542.0665761626899,10.10.2.6,10085,10.10.1.2,11163,1658.8199065877986
542.138453113511,10.10.2.6,10169,10.10.1.1,11195,4683.123180791662
542.2300355434942,10.10.2.6,10032,10.10.1.13,11161,86056.03162815653
542.2879508538657,10.10.2.6,10072,10.10.1.8,11126,1895.5771103704328
542.3328965199315,10.10.2.6,10080,10.10.1.9,11018,380284.2879572771
542.5712939788061,10.10.2.6,10099,10.10.1.6,11173,111864475.79590736
542.68249311612,10.10.2.6,10016,10.10.1.1,11175,1021430767.1515051
542.8932776347121,10.10.2.6,10126,10.10.1.12,11077,91267020.45173934
542.9117531069128,10.10.2.6,10121,10.10.1.10,11074,83410.00516257905
542.9669816012395,10.10.2.6,10171,10.10.1.7,11192,2014.873208101658
542.980520622259,10.10.2.6,10032,10.10.1.10,11063,33281.61679506409
543.2834269480926,10.10.2.6,10198,10.10.1.2,11026,2339.1821218097325
543.4676111617896,10.10.2.6,10011,10.10.1.16,11115,7133.195865372531
543.4776411912752,10.10.2.6,10132,10.10.1.1,11115,2380.530016828174
543.4964710687001,10.10.2.6,10024,10.10.1.7,11079,18509.742396377875
543.830857470034,10.10.2.6,10188,10.10.1.3,11085,53220.87628006137
543.8459174502002,10.10.2.6,10076,10.10.1.10,11001,1752.9805332395124
543.8584672837014,10.10.2.6,10070,10.10.1.4,11067,28419.666198800354
543.9217020106605,10.10.2.6,10004,10.10.1.14,11146,3240.1365526737027
544.0418986439569,10.10.2.6,10031,10.10.1.4,11186,3390.339079606519
544.078980177369,10.10.2.6,10033,10.10.1.1,11041,31203899.857600775
544.0906339018397,10.10.2.6,10173,10.10.1.3,11152,4509952.037106508
544.2510253783274,10.10.2.6,10133,10.10.1.11,11036,12028.606364815672
544.2886075299028,10.10.2.6,10139,10.10.1.2,11153,34176283.34927419
544.3505421922798,10.10.2.6,10077,10.10.1.10,11051,4560407.010800717
544.369892943469,10.10.2.6,10087,10.10.1.10,11100,39016038.155978136
544.3880294535544,10.10.2.6,10033,10.10.1.2,11071,2350.6755036383825
544.5328690273418,10.10.2.6,10051,10.10.1.12,11175,59820.187660345975
544.5937556214117,10.10.2.6,10110,10.10.1.2,11190,5767.198685356021
544.6770259193283,10.10.2.6,10034,10.10.1.3,11179,3014.5689130022256
544.7439988325649,10.10.2.6,10181,10.10.1.12,11075,2457.25210022601
544.8246982567101,10.10.2.6,10161,10.10.1.7,11194,9406.89671197391
544.9640815512298,10.10.2.6,10149,10.10.1.2,11055,11236.237022139052
544.9641652451604,10.10.2.6,10099,10.10.1.9,11056,64490675.59060725
544.9740435840325,10.10.2.6,10073,10.10.1.9,11121,5860.646711003628
544.9950268855217,10.10.2.6,10073,10.10.1.9,11190,454049.2019868765
545.1083011681222,10.10.2.6,10067,10.10.1.5,11169,5610924.552391747
545.1927967843466,10.10.2.6,10146,10.10.1.15,11094,5775.236217463513
545.553934515213,10.10.2.6,10187,10.10.1.2,11107,1332514369.850413
545.5948777421253,10.10.2.6,10012,10.10.1.15,11183,2056.6834652346947
545.9285482257267,10.10.2.6,10033,10.10.1.2,11117,1728.690266281654
546.3611691985003,10.10.2.6,10089,10.10.1.5,11171,2273.9593616097695
546.4814238473878,10.10.2.6,10019,10.10.1.15,11181,2201.138060676419
546.6474375801276,10.10.2.6,10152,10.10.1.3,11026,6333.951416455499
546.6984206962991,10.10.2.6,10159,10.10.1.8,11110,2183.274341820456
546.7866103575618,10.10.2.6,10060,10.10.1.15,11195,9234.011103552044
546.8909657697851,10.10.2.6,10124,10.10.1.13,11125,4910.0284792781695
547.0351685267502,10.10.2.6,10155,10.10.1.13,11091,5327.337580384914
547.0530725256173,10.10.2.6,10193,10.10.1.4,11062,225976.8974394973
547.2766512927743,10.10.2.6,10148,10.10.1.9,11002,7599.910020216045
547.3401775012608,10.10.2.6,10032,10.10.1.4,11124,4859352450.512297
547.3956210006382,10.10.2.6,10113,10.10.1.14,11176,8481.774437916913
547.4037592603456,10.10.2.6,10168,10.10.1.3,11142,5602.67617205832
547.5044007329352,10.10.2.6,10049,10.10.1.6,11155,5621.622854214252
547.5377850805455,10.10.2.6,10007,10.10.1.13,11155,1564.5806165736637
547.6664514518869,10.10.2.6,10114,10.10.1.14,11090,24764.085742950327
547.8663163316068,10.10.2.6,10191,10.10.1.12,11179,3899490.9553204114
548.202305701487,10.10.2.6,10062,10.10.1.4,11109,22415.222566078686
548.325372912957,10.10.2.6,10077,10.10.1.15,11065,30271.8300618435
548.3354158826764,10.10.2.6,10174,10.10.1.16,11028,56147.549245851515
548.3718592490721,10.10.2.6,10056,10.10.1.12,11100,3006.9528193027218
548.4536258351314,10.10.2.6,10036,10.10.1.7,11100,50464.56843630662
548.4619955042996,10.10.2.6,10151,10.10.1.1,11006,4749.263367086185
548.6241585680652,10.10.2.6,10095,10.10.1.16,11080,21483.901036326657
548.6567030065555,10.10.2.6,10164,10.10.1.1,11091,2289.8251827229324
548.7522548308348,10.10.2.6,10105,10.10.1.5,11023,4812242.433834977
548.7840966037229,10.10.2.6,10011,10.10.1.2,11092,5759.260321811569
548.9878611802333,10.10.2.6,10191,10.10.1.8,11067,2229.5786735361603
549.1377762484459,10.10.2.6,10141,10.10.1.16,11165,31617916.823302187
549.1949211027459,10.10.2.6,10190,10.10.1.11,11084,34915.92340804777
549.244825646588,10.10.2.6,10089,10.10.1.11,11035,2894.4279670016854
549.2508025922525,10.10.2.6,10124,10.10.1.10,11026,108781.10918253758
549.3976544168336,10.10.2.6,10136,10.10.1.15,11065,1560.1758375153142
549.3987254263038,10.10.2.6,10104,10.10.1.5,11064,53213.23163094911
549.4477323136041,10.10.2.6,10106,10.10.1.14,11027,49321888.0138298
549.512013097751,10.10.2.6,10066,10.10.1.3,11161,5226686.46923154
549.6291285842308,10.10.2.6,10023,10.10.1.6,11022,8006101.071672852
549.7952717801837,10.10.2.6,10029,10.10.1.16,11075,467732.5211714135
549.8458387758749,10.10.2.6,10028,10.10.1.8,11113,66731.68086288102
549.8835914745548,10.10.2.6,10112,10.10.1.5,11131,2312.45657582528
549.8999719526504,10.10.2.6,10037,10.10.1.8,11117,3648.987598820317
549.9295026996529,10.10.2.6,10026,10.10.1.12,11123,11816.712546196382
549.9677368403907,10.10.2.6,10116,10.10.1.11,11143,1888.4251639479696
550.0696354210197,10.10.2.6,10139,10.10.1.1,11121,58871.8770391967
550.1050829809669,10.10.2.6,10152,10.10.1.14,11031,1636.0725042432134
550.1288746097538,10.10.2.6,10105,10.10.1.4,11064,4180.463364041807
550.2397730683426,10.10.2.6,10055,10.10.1.1,11034,2449.129332473495
550.244160564176,10.10.2.6,10136,10.10.1.10,11068,5185033.854048184
550.2557078159003,10.10.2.6,10130,10.10.1.1,11184,99096217.09697396
550.2587625029491,10.10.2.6,10039,10.10.1.2,11076,81899.12414522014
550.3304375374219,10.10.2.6,10133,10.10.1.3,11168,2483.737977077099
550.4322022980825,10.10.2.6,10020,10.10.1.3,11062,86832.50287227656
550.4489849433419,10.10.2.6,10155,10.10.1.9,11110,20146.451341017095
550.6213634633517,10.10.2.6,10083,10.10.1.2,11136,1505.879831075093
550.671398604554,10.10.2.6,10033,10.10.1.14,11010,5254.595262527289
550.8667267907504,10.10.2.6,10017,10.10.1.12,11190,48324233.51532096
550.9272918160207,10.10.2.6,10181,10.10.1.1,11000,3197.99841775248
551.0651131722043,10.10.2.6,10107,10.10.1.11,11108,137307176.20131838
551.1535464338666,10.10.2.6,10196,10.10.1.15,11039,60174.91721192727
551.1593763950584,10.10.2.6,10105,10.10.1.2,11135,4564.71436407758
551.1954902128913,10.10.2.6,10150,10.10.1.12,11110,16865.97725631771
551.2450892466985,10.10.2.6,10105,10.10.1.3,11009,5772.106131262977
551.3592903156859,10.10.2.6,10081,10.10.1.4,11034,3594.427700367274
551.4078777074101,10.10.2.6,10147,10.10.1.4,11059,4529.752662473593
551.6321243138341,10.10.2.6,10092,10.10.1.6,11031,65889.93623929976
551.6445563600595,10.10.2.6,10172,10.10.1.16,11198,5268.269309177735
551.7657421848627,10.10.2.6,10019,10.10.1.5,11019,3463.9268533185013
552.0449127438413,10.10.2.6,10161,10.10.1.3,11072,9331954.508859234
552.2159186735315,10.10.2.6,10097,10.10.1.7,11125,3001.7911610370506
552.349321250374,10.10.2.6,10156,10.10.1.13,11168,4639.089350203353
552.4380100551132,10.10.2.6,10041,10.10.1.6,11082,88666.48020373168
552.6479893114828,10.10.2.6,10032,10.10.1.4,11003,41580023.73246416
552.6513462681723,10.10.2.6,10134,10.10.1.6,11149,11705.153360580225
552.71754327406,10.10.2.6,10041,10.10.1.11,11039,2202.6780658824573
552.8622936116456,10.10.2.6,10122,10.10.1.3,11044,38062.09002135069
552.9025931225808,10.10.2.6,10075,10.10.1.8,11142,2194.074517710754
552.9427561128599,10.10.2.6,10030,10.10.1.10,11096,23812.525066700695
552.9768497375298,10.10.2.6,10105,10.10.1.2,11082,11778.426856220594
553.0057326418981,10.10.2.6,10160,10.10.1.1,11111,9323.512876578687
553.0598854470959,10.10.2.6,10114,10.10.1.10,11114,3386.9037553897097
553.0697426922046,10.10.2.6,10122,10.10.1.12,11078,6185295.811973839
553.1266756163863,10.10.2.6,10033,10.10.1.2,11143,2584.3183399216987
553.2079653645047,10.10.2.6,10050,10.10.1.3,11190,35158297.20041391
553.3250456740157,10.10.2.6,10071,10.10.1.1,11131,18357.02821789314
553.3626065488154,10.10.2.6,10148,10.10.1.1,11058,34738.793951971566
553.456135335527,10.10.2.6,10141,10.10.1.12,11012,30388322.104127474
553.5048826554524,10.10.2.6,10083,10.10.1.4,11084,5220.1626378486835
553.5051280239336,10.10.2.6,10105,10.10.1.12,11162,1313553674.8874342
553.5295702083383,10.10.2.6,10012,10.10.1.10,11162,6666.611642315526
553.7251320522793,10.10.2.6,10039,10.10.1.11,11157,45406.62423129081
553.9432991934199,10.10.2.6,10038,10.10.1.9,11198,4951.633067382027
554.2571421105365,10.10.2.6,10086,10.10.1.15,11137,5117295.003478453
554.2930806885247,10.10.2.6,10083,10.10.1.14,11064,27313.778340677127
554.46436920039,10.10.2.6,10140,10.10.1.14,11009,4176.866469358216
554.4653896673823,10.10.2.6,10019,10.10.1.3,11117,2370.6516772814484
554.4883398398377,10.10.2.6,10103,10.10.1.15,11091,10803.353591730569
554.6085006712627,10.10.2.6,10061,10.10.1.2,11150,9763.615054708447
554.6206890629016,10.10.2.6,10194,10.10.1.7,11024,32067.79385396088
554.7003805564276,10.10.2.6,10101,10.10.1.13,11174,1231827001.9952323
554.8372433715984,10.10.2.6,10086,10.10.1.2,11135,7510.906230915679
554.9047637704646,10.10.2.6,10011,10.10.1.14,11132,8454.23357618686
555.0970575263585,10.10.2.6,10048,10.10.1.3,11148,28835.998266467544
555.1100654430228,10.10.2.6,10192,10.10.1.13,11166,1769.8459569548697
555.2105637862802,10.10.2.6,10143,10.10.1.14,11125,22760.411608749535
555.2127186032413,10.10.2.6,10054,10.10.1.14,11157,74516360.94743073
555.2832870500355,10.10.2.6,10098,10.10.1.14,11185,3796.967991792244
555.3040933979396,10.10.2.6,10043,10.10.1.9,11167,171796.7264865417
555.3745870786707,10.10.2.6,10161,10.10.1.10,11150,1914.0990732595983
555.4058612815105,10.10.2.6,10180,10.10.1.11,11149,77161.68861699582
555.4066486146281,10.10.2.6,10095,10.10.1.8,11144,4484218.8384055225
555.6953800486041,10.10.2.6,10005,10.10.1.8,11014,5424011.128910253
555.74811845725,10.10.2.6,10160,10.10.1.4,11191,21716.356122805246
555.9660335072264,10.10.2.6,10178,10.10.1.16,11041,1501.255557038042
556.007368493621,10.10.2.6,10118,10.10.1.10,11137,28131.018731646695
556.0511636376642,10.10.2.6,10192,10.10.1.4,11182,100231690.5115897
556.2935798159456,10.10.2.6,10187,10.10.1.3,11059,78859.55882904603
556.7105331953283,10.10.2.6,10007,10.10.1.1,11041,24710.812057944415
556.9664568437607,10.10.2.6,10194,10.10.1.3,11180,6719.205454050578
557.1414860142384,10.10.2.6,10011,10.10.1.13,11122,132834315.82558714
557.4565756567031,10.10.2.6,10099,10.10.1.10,11128,1983.1393519121084
557.4926884295602,10.10.2.6,10110,10.10.1.7,11039,84056.30658356781
557.5456906999358,10.10.2.6,10114,10.10.1.13,11144,2777.4715860825236
557.5517307753944,10.10.2.6,10022,10.10.1.6,11060,6060526.334933333
557.5734197760021,10.10.2.6,10043,10.10.1.12,11171,10547.462016302077
557.6311238989636,10.10.2.6,10029,10.10.1.13,11053,6049.02813935993
557.639839396596,10.10.2.6,10115,10.10.1.8,11152,6022.2689741579425
557.6438628303163,10.10.2.6,10181,10.10.1.14,11074,7950.61982214853
557.6580154224473,10.10.2.6,10195,10.10.1.4,11060,218188.7867397374
557.6856358841275,10.10.2.6,10187,10.10.1.3,11190,3618.53072458242
557.8406188889012,10.10.2.6,10024,10.10.1.6,11071,15915.215105481744
557.8563564133132,10.10.2.6,10197,10.10.1.16,11084,5638762.068134077
558.0673848581343,10.10.2.6,10054,10.10.1.8,11018,10640.12403154037
558.2662515403069,10.10.2.6,10083,10.10.1.1,11047,2778.4858885395242
558.3376898685642,10.10.2.6,10060,10.10.1.14,11109,6858.642211697669
558.3424527574105,10.10.2.6,10132,10.10.1.3,11116,24173.03598216188
558.379224076618,10.10.2.6,10154,10.10.1.4,11094,10544.351609330304
558.4520349261933,10.10.2.6,10098,10.10.1.15,11097,66381.7681622158
558.5886451582694,10.10.2.6,10163,10.10.1.5,11105,46204008.228156894
558.7447439701126,10.10.2.6,10159,10.10.1.8,11081,33457.11049881012
558.7955797188638,10.10.2.6,10123,10.10.1.8,11179,2709.2038823606426
558.7968698193904,10.10.2.6,10137,10.10.1.5,11073,44924.79990528968
558.8362706806137,10.10.2.6,10188,10.10.1.15,11032,7246.780090540482
558.8508318264749,10.10.2.6,10121,10.10.1.10,11093,3192.404340411351
558.9344711991284,10.10.2.6,10025,10.10.1.8,11065,5425400.854910556
558.9474784389168,10.10.2.6,10105,10.10.1.2,11191,24306.108028805585
558.9491259322135,10.10.2.6,10033,10.10.1.8,11169,5107038.3200516645
559.146775252806,10.10.2.6,10136,10.10.1.4,11133,22576.900650052416
559.3304996814522,10.10.2.6,10177,10.10.1.3,11005,6022.286711239174
559.342237934023,10.10.2.6,10191,10.10.1.8,11084,2056.5488214654674
559.3672531865581,10.10.2.6,10195,10.10.1.3,11049,24507.070836869203
559.4479292324835,10.10.2.6,10086,10.10.1.5,11018,28832.10599021166
559.4868834115513,10.10.2.6,10183,10.10.1.4,11180,29613.705240756724
559.5078169903343,10.10.2.6,10026,10.10.1.12,11180,2076.2418635388567
559.5117313246873,10.10.2.6,10185,10.10.1.2,11010,18990.834465442163
559.8312411720972,10.10.2.6,10178,10.10.1.4,11023,37596.88925715817
559.9492640448557,10.10.2.6,10175,10.10.1.6,11191,49009.03312164354
559.967884689938,10.10.2.6,10125,10.10.1.4,11024,18391.540113517956
560.1829589254883,10.10.2.6,10057,10.10.1.4,11092,10189.702581645672
560.3036062168985,10.10.2.6,10101,10.10.1.5,11034,29553.877519985937
560.4815245320511,10.10.2.6,10066,10.10.1.15,11183,46974.86529223307
560.7617950119208,10.10.2.6,10081,10.10.1.11,11028,4089157.738668173
560.799256142599,10.10.2.6,10181,10.10.1.8,11072,36066.44511421513
560.8227965179269,10.10.2.6,10186,10.10.1.8,11041,3114.0377517033794
561.0523041736673,10.10.2.6,10193,10.10.1.12,11159,19413.670443829167
561.0646384035559,10.10.2.6,10189,10.10.1.13,11060,1138861.3785725187
561.3573461921692,10.10.2.6,10163,10.10.1.9,11119,121764.94613989664
561.3907314661893,10.10.2.6,10146,10.10.1.3,11166,84712.29695730981
561.6150421289587,10.10.2.6,10167,10.10.1.6,11122,3216.7893304807444
561.7253749916089,10.10.2.6,10158,10.10.1.5,11000,2268.589139024873
561.7660554194102,10.10.2.6,10124,10.10.1.8,11108,2248.9235679501094
561.7993924973019,10.10.2.6,10003,10.10.1.15,11131,53143.94776981402
561.8269821793783,10.10.2.6,10093,10.10.1.6,11060,120326.81164343566
561.829210269594,10.10.2.6,10044,10.10.1.10,11185,3239.510765568259
561.8870191674791,10.10.2.6,10059,10.10.1.15,11133,24756.90930432443
561.950835699843,10.10.2.6,10092,10.10.1.9,11151,18949.251588721643
562.0222683420342,10.10.2.6,10197,10.10.1.10,11016,39067329.401812635
562.0251275529391,10.10.2.6,10105,10.10.1.2,11112,25275.850449938913
562.0598176202899,10.10.2.6,10012,10.10.1.4,11191,34927.20330908414
562.1291989177106,10.10.2.6,10006,10.10.1.1,11040,21524.66941364536
562.3530581699387,10.10.2.6,10152,10.10.1.12,11051,5729384.586784356
562.3861183959716,10.10.2.6,10157,10.10.1.5,11155,18391.289556856602
562.462386594694,10.10.2.6,10061,10.10.1.4,11194,9694.935010193582
562.6829388120386,10.10.2.6,10067,10.10.1.9,11020,4733746.135849648
562.6912218389045,10.10.2.6,10171,10.10.1.4,11054,23512.58790432187
562.7644895167285,10.10.2.6,10161,10.10.1.11,11013,30772.575821575883
562.8509419354018,10.10.2.6,10067,10.10.1.13,11146,3827094.315313756
562.9066243575163,10.10.2.6,10179,10.10.1.14,11102,3463.750293659182
562.9314544287488,10.10.2.6,10015,10.10.1.6,11080,41055161.215313315
563.0329848114251,10.10.2.6,10091,10.10.1.11,11178,4596.65281868957
563.1406781862918,10.10.2.6,10069,10.10.1.8,11187,5943177.704030615
563.1599015632704,10.10.2.6,10106,10.10.1.16,11082,3802809.0346095143
563.1625943425963,10.10.2.6,10080,10.10.1.16,11187,2475.32777511766
563.2112065803404,10.10.2.6,10046,10.10.1.3,11067,2302.0055565052744
563.2528844314392,10.10.2.6,10072,10.10.1.4,11029,5637.156951491127
563.3681330127849,10.10.2.6,10137,10.10.1.12,11156,36440.21944371242
563.3987350516253,10.10.2.6,10074,10.10.1.8,11057,1531.1615058998907
563.6763262286445,10.10.2.6,10027,10.10.1.15,11120,12355.898959517759
563.6888084048429,10.10.2.6,10019,10.10.1.11,11106,8549.612085248666
563.7784392987542,10.10.2.6,10110,10.10.1.6,11023,96820.1564749154
563.9096397925205,10.10.2.6,10091,10.10.1.9,11178,1742.2124394898433
563.9434840819633,10.10.2.6,10030,10.10.1.16,11130,5955.227769350962
564.0401854637529,10.10.2.6,10181,10.10.1.6,11066,17181.028981751188
564.0785572291842,10.10.2.6,10000,10.10.1.10,11047,18444.624515073665
564.1728148214061,10.10.2.6,10007,10.10.1.3,11104,4790.133422456945
564.2099503603583,10.10.2.6,10164,10.10.1.16,11047,1806.1690890933382
564.3892596439413,10.10.2.6,10185,10.10.1.16,11074,5805273.093788935
564.3916209793472,10.10.2.6,10170,10.10.1.2,11128,15331.535380168209
564.418165538507,10.10.2.6,10075,10.10.1.1,11001,55726.42692692977
564.5265142575436,10.10.2.6,10153,10.10.1.2,11016,40314625.40532834
564.5438083482863,10.10.2.6,10066,10.10.1.15,11017,37483.00156996774
564.7247142899926,10.10.2.6,10173,10.10.1.7,11077,42700471.35993057
564.9366918188402,10.10.2.6,10198,10.10.1.9,11094,2429.862351921581
564.9373981421834,10.10.2.6,10004,10.10.1.15,11112,19823.046117441118
565.0752785872869,10.10.2.6,10143,10.10.1.8,11104,37140840.66550334
565.2638819231898,10.10.2.6,10094,10.10.1.8,11108,111163.99268321681
565.3832090213014,10.10.2.6,10042,10.10.1.11,11135,70038.09520709049
565.3977459319751,10.10.2.6,10097,10.10.1.8,11073,114806.29321788716
565.4134157033841,10.10.2.6,10149,10.10.1.4,11167,36877.90090560363
565.4158238072594,10.10.2.6,10073,10.10.1.13,11192,3043.746047943267
565.4757240886455,10.10.2.6,10166,10.10.1.3,11180,9353.777125999883
565.506797101262,10.10.2.6,10066,10.10.1.13,11003,4872.89949856007
565.5235036824623,10.10.2.6,10073,10.10.1.4,11189,6721.350923594655
565.5936991155169,10.10.2.6,10111,10.10.1.9,11017,1586.9084987456404
565.5980768272816,10.10.2.6,10009,10.10.1.5,11167,35311.41820367545
565.6273885828946,10.10.2.6,10015,10.10.1.15,11168,2947.1905704744854
565.863782684641,10.10.2.6,10000,10.10.1.13,11156,21344.409819292785
566.0558078589764,10.10.2.6,10058,10.10.1.10,11185,20434.757869736233
566.0975241058763,10.10.2.6,10098,10.10.1.12,11007,32799.272678554604
566.1342864726822,10.10.2.6,10117,10.10.1.12,11164,73275.94721515772
566.1625310751207,10.10.2.6,10008,10.10.1.11,11027,16652.758767446056
566.2792716956462,10.10.2.6,10002,10.10.1.8,11004,22652.898825782235
566.2951957616306,10.10.2.6,10097,10.10.1.11,11009,73018.84451237705
566.396638507896,10.10.2.6,10110,10.10.1.9,11073,41387350.77506708
566.4668651949811,10.10.2.6,10083,10.10.1.4,11000,9242.236644312272
566.572029060981,10.10.2.6,10156,10.10.1.16,11075,6244326.195409177
566.6438571576215,10.10.2.6,10009,10.10.1.1,11136,3201.1851606800415
566.7744892286408,10.10.2.6,10193,10.10.1.10,11166,20261.97564187404
566.787088312404,10.10.2.6,10131,10.10.1.6,11100,2561.105866009058
566.8002219708571,10.10.2.6,10050,10.10.1.13,11016,133940029.24366316
567.215946444428,10.10.2.6,10047,10.10.1.7,11069,4989259094.862196
567.3661634675402,10.10.2.6,10147,10.10.1.12,11106,4574.250482235008
567.5558870826243,10.10.2.6,10050,10.10.1.16,11118,1704.4972302851666
567.6062954540424,10.10.2.6,10123,10.10.1.5,11098,3448.059655706226
567.641849413314,10.10.2.6,10055,10.10.1.1,11067,16021.266665030395
567.8444354914145,10.10.2.6,10186,10.10.1.9,11116,8644.853665470317
568.0651708500743,10.10.2.6,10049,10.10.1.10,11116,50277.838400515706
568.1608401425606,10.10.2.6,10152,10.10.1.8,11192,30352.896026544564
568.2155722200905,10.10.2.6,10063,10.10.1.2,11035,5632.3065983910665
568.2844243275208,10.10.2.6,10135,10.10.1.16,11080,6126.092335677246
568.4016870663219,10.10.2.6,10003,10.10.1.15,11047,2856.4950962918247
568.4961462458116,10.10.2.6,10187,10.10.1.12,11136,2216.909014238127
568.5704914616836,10.10.2.6,10044,10.10.1.1,11065,10815.532706912329
568.6035544106503,10.10.2.6,10193,10.10.1.1,11153,8836470.75298969
568.9268469259405,10.10.2.6,10024,10.10.1.4,11065,4573.5867591165015
569.0863366186151,10.10.2.6,10044,10.10.1.16,11071,5357.3162663864105
569.2599811415971,10.10.2.6,10102,10.10.1.12,11163,41848.786278436404
569.3947878910847,10.10.2.6,10178,10.10.1.4,11118,23425.638585708082
569.8234147524793,10.10.2.6,10153,10.10.1.15,11175,20886.635849884275
569.8794778283924,10.10.2.6,10016,10.10.1.14,11164,2305.751136630942
569.9205685325621,10.10.2.6,10188,10.10.1.16,11140,21851.537326366513
570.0083884777977,10.10.2.6,10144,10.10.1.6,11066,5519960.341212568
570.0965661201857,10.10.2.6,10103,10.10.1.13,11007,11508908278.50219
570.1989130139424,10.10.2.6,10165,10.10.1.11,11025,21152.019545487758
570.2145317806704,10.10.2.6,10095,10.10.1.11,11035,4388571.583982198
570.3076760228814,10.10.2.6,10166,10.10.1.6,11104,1644.3693126533924
570.5960588113587,10.10.2.6,10054,10.10.1.2,11086,20054.008763694073
570.6156758480015,10.10.2.6,10139,10.10.1.6,11072,45842.80289127336
570.6293494970478,10.10.2.6,10130,10.10.1.9,11028,6244.995196173178
570.9723350132222,10.10.2.6,10063,10.10.1.16,11063,33116562.92790109
571.0946858690618,10.10.2.6,10005,10.10.1.10,11035,92759.48234506117
571.1180605743134,10.10.2.6,10044,10.10.1.3,11176,2462.332848154837
571.2260425373097,10.10.2.6,10003,10.10.1.5,11143,3337.5627204689627
571.2590434417325,10.10.2.6,10002,10.10.1.11,11006,32934.357782130755
571.5027509911173,10.10.2.6,10039,10.10.1.9,11034,6440.656618143081
571.6122443716222,10.10.2.6,10034,10.10.1.3,11134,4760.76522412479
571.8670780581505,10.10.2.6,10095,10.10.1.15,11169,3815.9139814318974
572.0151789810458,10.10.2.6,10197,10.10.1.1,11098,7549.839670748463
572.0704249002188,10.10.2.6,10198,10.10.1.16,11071,3575.657706303604
572.2117190687285,10.10.2.6,10182,10.10.1.13,11026,6164.317855954429
572.4833287477959,10.10.2.6,10157,10.10.1.16,11089,3557.937320132983
572.499673924098,10.10.2.6,10077,10.10.1.14,11103,2782.373126136022
572.5983869503489,10.10.2.6,10057,10.10.1.10,11011,813194464.9575458
572.7169652653727,10.10.2.6,10066,10.10.1.12,11106,10937.034841873125
572.8139839654834,10.10.2.6,10120,10.10.1.15,11175,11535.749507326394
572.9348892306556,10.10.2.6,10004,10.10.1.14,11047,2001.1096931793647
572.9626751305677,10.10.2.6,10163,10.10.1.11,11188,3455.9533090554105
573.0959467232117,10.10.2.6,10027,10.10.1.1,11041,16238.20865925695
573.1162365114918,10.10.2.6,10077,10.10.1.10,11058,6907.423080245098
573.3632445631595,10.10.2.6,10159,10.10.1.14,11174,2221.0985208885995
573.4872088710889,10.10.2.6,10104,10.10.1.7,11021,4955.686574815054
573.6152738517331,10.10.2.6,10089,10.10.1.16,11045,5642.5461296756885
573.660814115223,10.10.2.6,10137,10.10.1.16,11184,26206.694361968974
573.6829000396342,10.10.2.6,10015,10.10.1.5,11005,24934.352727165344
573.7116687523919,10.10.2.6,10153,10.10.1.1,11096,31247.674502391652
573.7181307428035,10.10.2.6,10081,10.10.1.1,11163,9281.64177588349
573.8465706581219,10.10.2.6,10124,10.10.1.1,11021,3828.7165522258156
573.9182678671067,10.10.2.6,10133,10.10.1.10,11176,1218493.0078667183
573.9967725959008,10.10.2.6,10072,10.10.1.14,11089,1781.2479558396967
574.0334845856618,10.10.2.6,10156,10.10.1.10,11042,1666.1679809670395
574.1887621003438,10.10.2.6,10066,10.10.1.5,11075,20710.64626735915
574.2067718723181,10.10.2.6,10125,10.10.1.3,11135,1888.8135732950677
574.3670497438954,10.10.2.6,10195,10.10.1.11,11019,3596.989335921534
574.4191448256894,10.10.2.6,10121,10.10.1.7,11069,49905064.5554721
574.4656854523455,10.10.2.6,10028,10.10.1.7,11073,1071373927.1708426
574.6891592766144,10.10.2.6,10110,10.10.1.5,11126,104398.26005106885
574.7223468694939,10.10.2.6,10076,10.10.1.9,11122,99043831.32800625
574.7954140681951,10.10.2.6,10082,10.10.1.6,11089,3196.5472206098852
574.8102618868255,10.10.2.6,10054,10.10.1.6,11153,10622183.57903988
574.8219738111858,10.10.2.6,10027,10.10.1.5,11139,1139409.284989331
574.8477695221003,10.10.2.6,10120,10.10.1.4,11037,5450.327446215353
574.8948937438623,10.10.2.6,10195,10.10.1.5,11151,5468275.321440393
574.8961262907128,10.10.2.6,10015,10.10.1.14,11072,24211.26785967357
574.920235872259,10.10.2.6,10154,10.10.1.16,11168,2081.9225257277217
575.0493490273316,10.10.2.6,10140,10.10.1.15,11144,22283.099255978974
575.0897356849085,10.10.2.6,10088,10.10.1.5,11132,10349.77610980713
575.1555513930416,10.10.2.6,10120,10.10.1.1,11185,50292.96034130527
575.1987667437704,10.10.2.6,10089,10.10.1.10,11012,3355.1463597724055
575.2187609288479,10.10.2.6,10117,10.10.1.13,11082,6064.932459577513
575.2202591426259,10.10.2.6,10012,10.10.1.16,11085,2855.900575124238
575.2251722599163,10.10.2.6,10013,10.10.1.1,11164,36938.024500234154
575.3619833780331,10.10.2.6,10039,10.10.1.6,11112,94314.76434674769
575.5962227327301,10.10.2.6,10102,10.10.1.3,11048,35480823.31041956
575.6194241631031,10.10.2.6,10006,10.10.1.15,11156,5792391.623940023
575.6702726869196,10.10.2.6,10026,10.10.1.2,11104,141118353.9589671
575.8845882592314,10.10.2.6,10025,10.10.1.4,11064,120995.09791869692
576.0288529933539,10.10.2.6,10137,10.10.1.5,11055,6938.32724587469
576.1012480308033,10.10.2.6,10049,10.10.1.8,11019,89647.51633464318
576.1755656787628,10.10.2.6,10078,10.10.1.15,11053,22091.004262385657
576.3669658254976,10.10.2.6,10013,10.10.1.12,11103,29850.89918566623
576.4305996617283,10.10.2.6,10149,10.10.1.8,11053,8945.643861841892
576.7903638238735,10.10.2.6,10119,10.10.1.10,11103,32519.428131401153
576.841625728147,10.10.2.6,10116,10.10.1.5,11035,129067514.95508045
576.873134022261,10.10.2.6,10175,10.10.1.14,11084,1975.255660965489
576.927329091068,10.10.2.6,10078,10.10.1.6,11019,5399.076228114647
577.0121631099768,10.10.2.6,10023,10.10.1.13,11117,36293.2749443877
577.0294475166792,10.10.2.6,10106,10.10.1.1,11179,7063.089669308902
577.0839410647278,10.10.2.6,10063,10.10.1.12,11152,42073.77544422511
577.1613335950512,10.10.2.6,10095,10.10.1.15,11137,6907.372976776936
577.1681400024095,10.10.2.6,10078,10.10.1.9,11189,9683.255455201022
577.2131971266922,10.10.2.6,10080,10.10.1.9,11088,5159136.9318755
577.2562404331298,10.10.2.6,10132,10.10.1.3,11128,30256473.193887226
577.3287402860425,10.10.2.6,10125,10.10.1.14,11133,23752.44285431612
577.4074102266031,10.10.2.6,10082,10.10.1.15,11165,2055.366671946156
577.4198953666354,10.10.2.6,10130,10.10.1.14,11078,4934.971546492884
577.5012687474167,10.10.2.6,10147,10.10.1.7,11061,36721.20896002167
577.5777877295587,10.10.2.6,10021,10.10.1.5,11017,118805.32552937084
577.6384638074553,10.10.2.6,10018,10.10.1.7,11007,8842.278867516026
577.7871932075994,10.10.2.6,10070,10.10.1.9,11154,5715.95330662356
577.8817330605549,10.10.2.6,10149,10.10.1.16,11155,52788.66300910401
577.9056095106854,10.10.2.6,10193,10.10.1.1,11188,11612.90326118623
577.98012722689,10.10.2.6,10133,10.10.1.14,11167,9267.061424924981
578.0983407337188,10.10.2.6,10075,10.10.1.13,11175,3322.8309360630424
578.1722127257957,10.10.2.6,10013,10.10.1.2,11092,2207.3342508084534
578.2301259635744,10.10.2.6,10140,10.10.1.2,11140,2414.5316880691394
578.2748440216222,10.10.2.6,10111,10.10.1.12,11089,17436.689627103744
578.4297316010139,10.10.2.6,10191,10.10.1.15,11060,44176.425935131636
578.6417673196679,10.10.2.6,10108,10.10.1.4,11119,4021.168343269182
578.7084264072506,10.10.2.6,10042,10.10.1.10,11059,5787.020737419133
578.8531922737665,10.10.2.6,10040,10.10.1.3,11137,9495.410502272942
578.9111137424425,10.10.2.6,10151,10.10.1.11,11021,197280.79030411335
579.0597609274383,10.10.2.6,10060,10.10.1.15,11158,22047.71563592332
579.1151584611904,10.10.2.6,10013,10.10.1.10,11182,5382676.073941035
579.1896677554313,10.10.2.6,10047,10.10.1.1,11184,17502.922137930243
579.1985185399091,10.10.2.6,10180,10.10.1.12,11149,28352.436693396798
579.3892660053627,10.10.2.6,10168,10.10.1.4,11127,34763.79885038301
579.4206974615777,10.10.2.6,10078,10.10.1.5,11113,21361.50338785583
579.438356386263,10.10.2.6,10097,10.10.1.4,11021,35073536.00936621
579.5249427011366,10.10.2.6,10038,10.10.1.8,11088,5376963.770986967
579.5668404801633,10.10.2.6,10009,10.10.1.3,11151,2877.696359033971
579.8517327517787,10.10.2.6,10189,10.10.1.3,11046,18867.16291011425
579.8971156694205,10.10.2.6,10083,10.10.1.3,11016,20304.779715186818
580.0681336869698,10.10.2.6,10070,10.10.1.11,11054,3241.5708389675196
580.0800071809214,10.10.2.6,10074,10.10.1.4,11076,34204.153956641436
580.2611560055664,10.10.2.6,10096,10.10.1.11,11019,6025506.982503228
580.3361919233721,10.10.2.6,10195,10.10.1.10,11177,12224.28249907569
580.6386156075146,10.10.2.6,10019,10.10.1.11,11169,88915.63718214733
580.6760502869556,10.10.2.6,10154,10.10.1.5,11071,47917.17096366074
580.7021136399801,10.10.2.6,10165,10.10.1.13,11015,1784.7785089405577
580.9369588030916,10.10.2.6,10162,10.10.1.6,11052,31040.16035613034
580.946518917207,10.10.2.6,10056,10.10.1.7,11054,6810.418276801629
581.0205207792865,10.10.2.6,10025,10.10.1.5,11001,3853.163841403125
581.0650512577145,10.10.2.6,10125,10.10.1.10,11034,2199.9203236547232
581.4397946230035,10.10.2.6,10053,10.10.1.10,11136,4506.606755015226
581.5598551424494,10.10.2.6,10031,10.10.1.8,11166,2392.672869963754
581.5767615656616,10.10.2.6,10127,10.10.1.3,11021,2246.056527988955
581.6271529988692,10.10.2.6,10145,10.10.1.15,11192,10335.669611265655
581.6688783104327,10.10.2.6,10161,10.10.1.14,11025,2055.8857889078695
581.7652024875864,10.10.2.6,10145,10.10.1.12,11057,6036489.754180167
581.8525550951548,10.10.2.6,10146,10.10.1.2,11023,4486673.51674304
582.0202649637928,10.10.2.6,10103,10.10.1.1,11171,54458.40903839966
582.0950936572282,10.10.2.6,10041,10.10.1.7,11006,5557792.9848566735
582.169870500931,10.10.2.6,10144,10.10.1.8,11136,480038.91425613663
582.2267522812455,10.10.2.6,10023,10.10.1.5,11035,3601.2600074218585
582.2905764760799,10.10.2.6,10078,10.10.1.13,11129,16938.277669820225
582.3459152057279,10.10.2.6,10092,10.10.1.7,11173,3777074.1402060017
582.3967626167375,10.10.2.6,10077,10.10.1.1,11136,33865.81018312677
582.4367147463687,10.10.2.6,10070,10.10.1.12,11120,40076687.20704967
582.4515340132248,10.10.2.6,10095,10.10.1.13,11065,2255.1074942233977
582.5177962974955,10.10.2.6,10027,10.10.1.5,11000,5184.139579790599
582.5896873596241,10.10.2.6,10075,10.10.1.2,11189,2232.467240102506
582.8920871614484,10.10.2.6,10050,10.10.1.3,11156,37387.67139816695
583.069923814182,10.10.2.6,10101,10.10.1.10,11094,48959315.49664693
583.0768962860609,10.10.2.6,10181,10.10.1.10,11118,5389.900069929698
583.149021667227,10.10.2.6,10112,10.10.1.5,11190,27047.476826551774
583.1492260690272,10.10.2.6,10193,10.10.1.6,11174,16728.271840614365
583.2091318558962,10.10.2.6,10198,10.10.1.15,11093,9448.244609462896
583.2145041163101,10.10.2.6,10058,10.10.1.7,11014,4210734.028718245
583.3029576856361,10.10.2.6,10067,10.10.1.15,11188,123757.29931878485
583.4922472944755,10.10.2.6,10153,10.10.1.15,11109,7680.051058695761
583.5856974127138,10.10.2.6,10093,10.10.1.15,11103,19798.526662569533
583.5911924889583,10.10.2.6,10152,10.10.1.16,11083,1794.6714140812203
583.6345180439537,10.10.2.6,10002,10.10.1.14,11157,2818.3618138549136
583.660201338335,10.10.2.6,10072,10.10.1.6,11079,6851.205745495172
583.6900443470944,10.10.2.6,10018,10.10.1.7,11042,19988.50150111014
583.7323361775233,10.10.2.6,10057,10.10.1.6,11063,100916.41674107712
583.7758915245261,10.10.2.6,10192,10.10.1.3,11053,38612.63113768632
583.8659871838557,10.10.2.6,10112,10.10.1.3,11192,37713686.81697586
583.8798646557145,10.10.2.6,10181,10.10.1.2,11136,6061004.175950297
583.8850510467627,10.10.2.6,10078,10.10.1.2,11111,11084.33015008939
583.9007381975847,10.10.2.6,10136,10.10.1.1,11160,2377.005734582704
584.0348134442592,10.10.2.6,10094,10.10.1.12,11083,17132.336399355314
584.1330786556115,10.10.2.6,10137,10.10.1.12,11070,35612387.08880399
584.3029608861813,10.10.2.6,10024,10.10.1.7,11000,37604416.37116195
584.462621943922,10.10.2.6,10025,10.10.1.16,11084,2781.7035580356605
584.4934247206372,10.10.2.6,10035,10.10.1.1,11012,7104.578926637896
584.5000268497439,10.10.2.6,10049,10.10.1.6,11189,3585.9492734423734
584.566877839161,10.10.2.6,10064,10.10.1.16,11074,5991359984.149622
584.6551030104754,10.10.2.6,10168,10.10.1.16,11073,33997.5247685861
584.7057431920517,10.10.2.6,10026,10.10.1.5,11075,2014.6512903990626
584.8283870697755,10.10.2.6,10033,10.10.1.6,11111,2503.5974399045117
584.9876649815685,10.10.2.6,10067,10.10.1.2,11023,54365.7939712966
585.0246675763133,10.10.2.6,10143,10.10.1.16,11125,2134.299009753068
585.0356873655769,10.10.2.6,10096,10.10.1.16,11000,7154.974589156525
585.1281143651147,10.10.2.6,10048,10.10.1.6,11195,26053.12219532249
585.1756226647333,10.10.2.6,10078,10.10.1.14,11071,1846.872256120615
585.2622430627496,10.10.2.6,10028,10.10.1.10,11128,3762.623831925319
585.5709428907692,10.10.2.6,10171,10.10.1.14,11042,21230.60699245582
585.6222375440726,10.10.2.6,10163,10.10.1.6,11153,32031.80277921263
585.7142179595053,10.10.2.6,10163,10.10.1.11,11147,24975.635392706597
585.787091885531,10.10.2.6,10015,10.10.1.8,11187,36909.914963383766
586.1025862991488,10.10.2.6,10082,10.10.1.9,11117,76378.74242787846
586.198508809095,10.10.2.6,10137,10.10.1.7,11009,17051.901399616534
586.2551148236674,10.10.2.6,10032,10.10.1.9,11058,1464519242.853515
586.3298727471304,10.10.2.6,10015,10.10.1.8,11124,5158.136457292856
586.3742792470184,10.10.2.6,10039,10.10.1.8,11086,3673.4447638822753
586.4514947758237,10.10.2.6,10129,10.10.1.1,11177,3657.5580008755605
586.4556194006043,10.10.2.6,10044,10.10.1.6,11041,5006417.652110979
586.6223682596294,10.10.2.6,10170,10.10.1.9,11088,895083385.849255
586.6402959582632,10.10.2.6,10072,10.10.1.15,11061,6728.997591452715
586.664766461673,10.10.2.6,10150,10.10.1.5,11171,47881.478328030884
586.823355710558,10.10.2.6,10086,10.10.1.14,11128,40173.61793605669
587.0434492356894,10.10.2.6,10015,10.10.1.9,11184,5597560.097937557
587.169223232355,10.10.2.6,10064,10.10.1.16,11011,3424.3821359309677
587.4293512155436,10.10.2.6,10161,10.10.1.4,11105,3233.318557507009
587.4476358398101,10.10.2.6,10147,10.10.1.10,11052,4570562558.636195
587.5687228806961,10.10.2.6,10000,10.10.1.3,11042,19746.973987719073
587.6629680953578,10.10.2.6,10060,10.10.1.3,11045,3657.4581160883376
587.6679206568215,10.10.2.6,10173,10.10.1.8,11144,21534.22601617207
587.6878062504097,10.10.2.6,10187,10.10.1.4,11048,8399.81742760047
587.7709447155314,10.10.2.6,10147,10.10.1.13,11102,25115.040308172265
587.8374712553212,10.10.2.6,10093,10.10.1.2,11112,55960.4645108307
587.8869220354546,10.10.2.6,10047,10.10.1.14,11017,5597.068648536114
588.0006497450848,10.10.2.6,10005,10.10.1.16,11160,5267295.203151749
588.0116771894864,10.10.2.6,10119,10.10.1.14,11077,9084.13437243672
588.0245948708856,10.10.2.6,10063,10.10.1.3,11180,481969.6641184802
588.1070556660304,10.10.2.6,10170,10.10.1.8,11023,32299.28986091728
588.1969535456248,10.10.2.6,10176,10.10.1.14,11084,5883.092386418873
588.257971899224,10.10.2.6,10132,10.10.1.5,11140,12251.87493889963
588.3888331120132,10.10.2.6,10157,10.10.1.9,11105,31170.18925359705
588.7396432576323,10.10.2.6,10068,10.10.1.15,11052,3906093.9788234155
588.7446119971645,10.10.2.6,10099,10.10.1.9,11156,24001.055711853987
588.8509571652074,10.10.2.6,10009,10.10.1.13,11029,22456.329800185256
588.8580800337907,10.10.2.6,10175,10.10.1.6,11174,1215109620.303875
588.8874764374234,10.10.2.6,10185,10.10.1.3,11050,1648.6046595540859
588.9096225829409,10.10.2.6,10109,10.10.1.6,11155,214822.9812633143
588.9356359112148,10.10.2.6,10179,10.10.1.2,11029,1564.7289764975333
589.1449352407111,10.10.2.6,10028,10.10.1.6,11001,5229.954281286352
589.2820773120347,10.10.2.6,10116,10.10.1.9,11191,21484.568304704575
589.3640301544569,10.10.2.6,10011,10.10.1.5,11177,224056.03324287187
589.3727167988178,10.10.2.6,10164,10.10.1.14,11102,2089.1738407980115
589.4968415732073,10.10.2.6,10058,10.10.1.12,11116,7004.769415668806
589.525017261475,10.10.2.6,10010,10.10.1.2,11128,10304.964840047478
589.5378188177041,10.10.2.6,10196,10.10.1.4,11010,3555.404393284175
589.6681725236116,10.10.2.6,10132,10.10.1.7,11099,27596.00786216383
589.6920211421059,10.10.2.6,10150,10.10.1.14,11177,11598.697402037378
589.7016336311449,10.10.2.6,10181,10.10.1.4,11003,121821.74040254719
589.8537674294724,10.10.2.6,10048,10.10.1.8,11090,5386.798840828347
589.8555104651141,10.10.2.6,10029,10.10.1.10,11152,5755.981180042517
589.8613203352503,10.10.2.6,10076,10.10.1.4,11080,5803.84730398894
590.0170533168474,10.10.2.6,10090,10.10.1.7,11101,88327.4432384853
590.1168876566429,10.10.2.6,10148,10.10.1.12,11006,201906.3193221259
590.3062882548585,10.10.2.6,10172,10.10.1.8,11088,9797.284748990303
590.3388930064667,10.10.2.6,10079,10.10.1.8,11013,24948.157063467366
590.5449199342851,10.10.2.6,10012,10.10.1.15,11061,46583.71319533698
590.5575880610803,10.10.2.6,10101,10.10.1.10,11165,1657.5007215350183
590.6114890019105,10.10.2.6,10118,10.10.1.3,11098,5350.063424623941
590.70198068485,10.10.2.6,10029,10.10.1.12,11180,1618.7472394475872
590.7505436909162,10.10.2.6,10115,10.10.1.7,11050,31162394.48418345
590.8298819069465,10.10.2.6,10104,10.10.1.10,11123,2128.6819805066907
590.8436557196763,10.10.2.6,10067,10.10.1.5,11155,531601.3006783145
590.8544000549483,10.10.2.6,10098,10.10.1.8,11148,34594.11377764765
590.930925155833,10.10.2.6,10095,10.10.1.16,11177,7542491.158165711
591.1805596276885,10.10.2.6,10072,10.10.1.5,11158,30054747.4821465
591.1988145272135,10.10.2.6,10131,10.10.1.4,11068,31040.46096206902
591.3145808479836,10.10.2.6,10074,10.10.1.15,11037,53361.92531674406
591.3184828641506,10.10.2.6,10061,10.10.1.15,11139,26685.409345554857
591.3992129457614,10.10.2.6,10061,10.10.1.4,11117,12317.14981354188
591.4336645762683,10.10.2.6,10028,10.10.1.16,11031,5497078.801337112
591.4508413546369,10.10.2.6,10113,10.10.1.6,11036,49990463.57311886
591.6263048612884,10.10.2.6,10128,10.10.1.2,11026,23425.961798267374
591.6362374157745,10.10.2.6,10180,10.10.1.15,11038,5357225.351255508
591.6493049444823,10.10.2.6,10155,10.10.1.4,11061,76658.64702225139
591.7678573661535,10.10.2.6,10043,10.10.1.9,11058,452472.61374373117
591.8163620642144,10.10.2.6,10066,10.10.1.16,11173,24917.536571551514
591.8577712490862,10.10.2.6,10106,10.10.1.5,11155,24697.932295457485
592.0342043408671,10.10.2.6,10089,10.10.1.8,11141,47397143.110292464
592.0800010582477,10.10.2.6,10068,10.10.1.3,11028,20195.57442018217
592.1139498817796,10.10.2.6,10187,10.10.1.10,11030,22752.33559042074
592.1438142806595,10.10.2.6,10041,10.10.1.1,11025,82448.35837336472
592.1773720434184,10.10.2.6,10021,10.10.1.12,11084,2315.6024616413547
592.1805740737001,10.10.2.6,10026,10.10.1.2,11160,8650.757217146669
592.5203372435283,10.10.2.6,10088,10.10.1.5,11100,16459.222834428892
592.601215718201,10.10.2.6,10109,10.10.1.4,11127,22775.751270642937
592.6101420819468,10.10.2.6,10023,10.10.1.9,11014,872271.0494700796
592.6240837705469,10.10.2.6,10025,10.10.1.2,11072,2434.179276319983
592.6613430633407,10.10.2.6,10100,10.10.1.6,11057,17422.96934388433
592.6881980416752,10.10.2.6,10110,10.10.1.6,11198,2777.3363898651555
592.892709274466,10.10.2.6,10037,10.10.1.13,11076,7141.075196122347
593.0266044063661,10.10.2.6,10091,10.10.1.7,11108,3478.1740884605883
593.0549957482173,10.10.2.6,10047,10.10.1.3,11069,2495.904208819516
593.0585316611863,10.10.2.6,10063,10.10.1.2,11091,567252.765938709
593.1450015517073,10.10.2.6,10108,10.10.1.16,11043,3595.871141059818
593.2471929141515,10.10.2.6,10157,10.10.1.2,11190,3026.4452432794033
593.2698034525594,10.10.2.6,10049,10.10.1.11,11088,123336769.0033033
593.3949752356475,10.10.2.6,10113,10.10.1.9,11008,36386.10690898452
593.395086956499,10.10.2.6,10162,10.10.1.3,11174,31711.027552685406
593.4258816582334,10.10.2.6,10099,10.10.1.8,11006,21235.043542065956
593.4331929000343,10.10.2.6,10085,10.10.1.11,11121,42847604.669976704
593.4546109434347,10.10.2.6,10197,10.10.1.8,11038,73456.23156338673
593.8019215743524,10.10.2.6,10060,10.10.1.15,11112,5646645.821241314
593.9911337548507,10.10.2.6,10098,10.10.1.2,11092,78895.79969182293
594.0318481508523,10.10.2.6,10067,10.10.1.11,11081,33912.776213203586
594.0786420782994,10.10.2.6,10098,10.10.1.9,11066,10910.281903317842
594.2428758534817,10.10.2.6,10078,10.10.1.6,11005,62353.34475456836
594.2794419119641,10.10.2.6,10106,10.10.1.4,11012,2175.9649725716995
594.3044469402319,10.10.2.6,10125,10.10.1.4,11044,36387778.6692557
594.4462610839774,10.10.2.6,10070,10.10.1.9,11160,36776104.46779858
594.5253445380939,10.10.2.6,10039,10.10.1.1,11150,2139.1044716046085
594.6521720959348,10.10.2.6,10099,10.10.1.1,11051,34389.73320137735
594.7102511336321,10.10.2.6,10150,10.10.1.13,11092,36652.73209606571
594.7212131554589,10.10.2.6,10182,10.10.1.7,11100,9019.171215655882
594.7816510205955,10.10.2.6,10087,10.10.1.6,11062,9071.454655357904
594.8431915323144,10.10.2.6,10032,10.10.1.5,11050,4041.7981765179343
594.9146717857052,10.10.2.6,10132,10.10.1.9,11006,2086.3991163171645
595.0461676949607,10.10.2.6,10044,10.10.1.6,11162,15400.175388615495
595.0635900023201,10.10.2.6,10052,10.10.1.8,11177,47691439.76442267
595.1269319022853,10.10.2.6,10033,10.10.1.2,11064,105035671.6477052
595.2094222729525,10.10.2.6,10155,10.10.1.15,11036,68256.49763670038
595.2139253450349,10.10.2.6,10089,10.10.1.6,11164,23523.3916856216
595.2434754830539,10.10.2.6,10106,10.10.1.3,11159,58648.6746958114
595.2846796420404,10.10.2.6,10012,10.10.1.7,11186,3384.125425515794
595.3246640042879,10.10.2.6,10135,10.10.1.4,11104,29346.530649665106
595.4147764165391,10.10.2.6,10190,10.10.1.8,11181,34836.61145476316
595.4759152174945,10.10.2.6,10012,10.10.1.8,11164,4738.918588710927
595.5455265796817,10.10.2.6,10111,10.10.1.2,11012,7865.619136735716
595.7317409380034,10.10.2.6,10146,10.10.1.12,11123,27905.987956400375
595.8024076006071,10.10.2.6,10152,10.10.1.12,11164,3912.4007344544325
595.810856500705,10.10.2.6,10115,10.10.1.7,11065,5069186.258212852
595.8588227620226,10.10.2.6,10082,10.10.1.6,11029,4754195.037805259
596.0944560114331,10.10.2.6,10005,10.10.1.7,11015,4615.512947452648
596.2204171251916,10.10.2.6,10138,10.10.1.9,11077,3417.891814080766
596.2619426711653,10.10.2.6,10074,10.10.1.10,11074,2418.488083456965
596.3957888543608,10.10.2.6,10045,10.10.1.14,11036,36358.00635835683
596.554739162313,10.10.2.6,10141,10.10.1.16,11195,22751.016902992294
596.5586133676786,10.10.2.6,10038,10.10.1.10,11068,19640.32806438214
596.5670415175042,10.10.2.6,10134,10.10.1.3,11130,30866.717369458915
596.6666409548436,10.10.2.6,10008,10.10.1.11,11184,6066198.232689446
596.8412659929894,10.10.2.6,10183,10.10.1.6,11104,24129.873668875498
596.9894789711278,10.10.2.6,10084,10.10.1.15,11057,22426.250081304883
597.0315527235493,10.10.2.6,10139,10.10.1.12,11075,4268.970749538284
597.0642287727616,10.10.2.6,10077,10.10.1.2,11171,18347.436693612137
597.0847204958557,10.10.2.6,10076,10.10.1.7,11074,2300.410180270245
597.1145237701882,10.10.2.6,10067,10.10.1.5,11009,1507.9190225628936
597.1229267482469,10.10.2.6,10164,10.10.1.4,11160,16136.806765743155
597.2646522297147,10.10.2.6,10161,10.10.1.3,11087,70869.61931936438
597.2919102609583,10.10.2.6,10042,10.10.1.7,11007,35056.31502562645
597.3924722752798,10.10.2.6,10020,10.10.1.15,11025,7756.309765673266
597.4861487436523,10.10.2.6,10049,10.10.1.3,11058,11500.253095189939
597.5171814200437,10.10.2.6,10124,10.10.1.8,11174,5450.246279145148
597.5451861909631,10.10.2.6,10075,10.10.1.1,11046,1983.2121368861533
597.7665453509335,10.10.2.6,10182,10.10.1.9,11092,24770.310058448667
597.919009426859,10.10.2.6,10051,10.10.1.9,11050,5363.021246100817
598.2061964667581,10.10.2.6,10111,10.10.1.8,11092,5257534.192121118
598.2425364038894,10.10.2.6,10082,10.10.1.11,11019,58303.17900655431
598.3813866847017,10.10.2.6,10051,10.10.1.2,11091,5982652.4557744255
598.4452408037581,10.10.2.6,10050,10.10.1.15,11085,7925.918435562186
598.4499404751202,10.10.2.6,10065,10.10.1.12,11006,2367.1079250855682
598.5477657018254,10.10.2.6,10121,10.10.1.1,11153,2301.868571335937
598.559239552681,10.10.2.6,10024,10.10.1.15,11149,80444.13678912906
598.5824260939086,10.10.2.6,10030,10.10.1.2,11162,9549.544867820858
598.7456491564191,10.10.2.6,10101,10.10.1.1,11085,44251340.219377704
598.7674977265962,10.10.2.6,10031,10.10.1.9,11134,72164.58274992649
599.0315052306103,10.10.2.6,10089,10.10.1.2,11169,23530.75178479834
599.038321352371,10.10.2.6,10172,10.10.1.9,11067,25944.185829814694
599.1252213580193,10.10.2.6,10121,10.10.1.10,11079,2146.5980117816275
599.3059287341141,10.10.2.6,10111,10.10.1.13,11114,105962.55695289448
599.3402087247365,10.10.2.6,10153,10.10.1.11,11188,29440.84714439167
599.38510427628,10.10.2.6,10139,10.10.1.5,11150,2075.790254354462
599.4159280812988,10.10.2.6,10113,10.10.1.9,11183,5573210326.88596
599.5780867959111,10.10.2.6,10182,10.10.1.1,11144,8965.436401830391
599.5893423096022,10.10.2.6,10194,10.10.1.5,11129,2225.482070081845
599.7332442065158,10.10.2.6,10094,10.10.1.3,11036,3784891.7013658816
599.7414938183948,10.10.2.6,10132,10.10.1.11,11156,39273.56638490427
599.802429346365,10.10.2.6,10061,10.10.1.7,11061,121244.20243941834
599.8562105821552,10.10.2.6,10186,10.10.1.12,11164,10303.381250104625
600.1391396712141,10.10.2.6,10140,10.10.1.4,11082,7763.533039260733
600.2056997932524,10.10.2.6,10045,10.10.1.8,11035,2511.8614947287692
600.2137552251191,10.10.2.6,10136,10.10.1.8,11141,3379.702442026056
600.3136618504271,10.10.2.6,10172,10.10.1.3,11007,35370268.5099196
600.3644665034419,10.10.2.6,10154,10.10.1.3,11024,34908799.53322859
600.3834213396404,10.10.2.6,10093,10.10.1.12,11183,32082.354632510036
600.3947043346458,10.10.2.6,10077,10.10.1.10,11031,117327.8494576048
600.4374423506288,10.10.2.6,10076,10.10.1.16,11151,70699.57492380176
600.4893833248569,10.10.2.6,10189,10.10.1.12,11077,78329.8256825551
600.7902992837721,10.10.2.6,10014,10.10.1.1,11000,16686.8309924315
600.8704502847298,10.10.2.6,10082,10.10.1.8,11044,20095.68213939352
600.8733403352098,10.10.2.6,10128,10.10.1.9,11085,52717.87606320755
600.9670689645249,10.10.2.6,10006,10.10.1.12,11075,11097.854416033679
601.1261911785648,10.10.2.6,10182,10.10.1.2,11141,24373.412561193207
601.1887838612697,10.10.2.6,10100,10.10.1.7,11125,7592.4585784894325
601.3928923593876,10.10.2.6,10014,10.10.1.12,11171,4970.250541163991
601.6841484702571,10.10.2.6,10110,10.10.1.8,11064,1755.419639030377
601.8221228481979,10.10.2.6,10168,10.10.1.12,11056,2269.085150709645
601.8282131836812,10.10.2.6,10196,10.10.1.4,11055,23867.202792903718
601.8282707585962,10.10.2.6,10084,10.10.1.13,11073,4130.94855299867
601.9037834967828,10.10.2.6,10036,10.10.1.1,11067,6280.6959877476975
602.0914691128334,10.10.2.6,10075,10.10.1.2,11035,18774.42487195065
602.094242580611,10.10.2.6,10069,10.10.1.7,11168,35505.61497948954
602.1039246751786,10.10.2.6,10065,10.10.1.15,11032,74266.07333269133
602.2373936279771,10.10.2.6,10147,10.10.1.6,11008,3758755.0911848666
602.3624321008622,10.10.2.6,10055,10.10.1.12,11139,3974488.38627931
602.390160197359,10.10.2.6,10034,10.10.1.8,11067,9361.391460962854
602.4964695225308,10.10.2.6,10164,10.10.1.1,11083,4711053.147970641
602.5485203785728,10.10.2.6,10119,10.10.1.8,11136,2077.859854661821
602.6004838679947,10.10.2.6,10077,10.10.1.4,11089,5289.4632880490835
602.6078327172772,10.10.2.6,10160,10.10.1.5,11057,21090.588177734033
602.6097790142574,10.10.2.6,10169,10.10.1.9,11079,3765.4490554949134
602.7727838552265,10.10.2.6,10151,10.10.1.11,11116,24416.89623250401
603.0055740041535,10.10.2.6,10094,10.10.1.16,11043,590411.2990506307
603.0679235367581,10.10.2.6,10103,10.10.1.7,11152,5002.296775952194
603.080143759274,10.10.2.6,10182,10.10.1.4,11036,81223134.0644397
603.104042257027,10.10.2.6,10159,10.10.1.10,11096,1367287131.7448704
603.1622729746783,10.10.2.6,10091,10.10.1.6,11051,1109870269.1697319
603.2103605324461,10.10.2.6,10045,10.10.1.13,11191,2657.9879412437294
603.2943538842948,10.10.2.6,10066,10.10.1.5,11012,1091755.6360974326
603.3665916069201,10.10.2.6,10179,10.10.1.16,11058,3339.8985404998884
603.4309440935256,10.10.2.6,10187,10.10.1.15,11033,5473394.811125973
603.565506642547,10.10.2.6,10145,10.10.1.11,11166,39122.621593759264
603.5777714319144,10.10.2.6,10087,10.10.1.7,11108,4433386.808506798
603.6456629858274,10.10.2.6,10187,10.10.1.16,11058,2475.795191917532
603.7165253858794,10.10.2.6,10088,10.10.1.3,11180,4595.429554848457
604.2607052266154,10.10.2.6,10108,10.10.1.3,11032,4670.257385685544
604.3146245341733,10.10.2.6,10179,10.10.1.11,11015,43259906.89957073
604.3280490514179,10.10.2.6,10118,10.10.1.15,11068,12043.477444911776
604.3714686992483,10.10.2.6,10007,10.10.1.1,11125,27413.497564934896
604.4239559265992,10.10.2.6,10011,10.10.1.3,11175,1517.1549977859702
604.5538715006761,10.10.2.6,10055,10.10.1.11,11055,1188703027.8642564
604.6117648374227,10.10.2.6,10014,10.10.1.7,11128,1863.768211750463
604.623667273538,10.10.2.6,10083,10.10.1.6,11031,4142266.2040487514
604.6323245547069,10.10.2.6,10120,10.10.1.5,11105,3274.426846588932
604.6796770968274,10.10.2.6,10082,10.10.1.10,11009,411983.8661591984
604.7030842211578,10.10.2.6,10009,10.10.1.12,11194,3772.606508979431
604.7342934022058,10.10.2.6,10052,10.10.1.12,11137,48523.0399546579
604.9246181952095,10.10.2.6,10030,10.10.1.5,11008,1801.389774337691
604.9360343681391,10.10.2.6,10088,10.10.1.2,11145,127624006.20377167
604.9573368642864,10.10.2.6,10053,10.10.1.12,11007,2206.953200125415
605.1252750598404,10.10.2.6,10124,10.10.1.1,11138,4858830.586660997
605.220666176896,10.10.2.6,10077,10.10.1.13,11038,5813487.893704719
605.2928195063357,10.10.2.6,10025,10.10.1.3,11178,15447.266676520183
605.5588846404685,10.10.2.6,10001,10.10.1.11,11069,2367.16790879918
605.8342529264891,10.10.2.6,10009,10.10.1.15,11049,96922.22719305444
606.1025231210448,10.10.2.6,10055,10.10.1.7,11087,7432.813551393226
606.1599999055677,10.10.2.6,10189,10.10.1.1,11189,4910.227401355261
606.1671929220631,10.10.2.6,10051,10.10.1.15,11048,122405200.43251273
606.2152274790026,10.10.2.6,10188,10.10.1.11,11178,90008.94533707315
606.2996889440354,10.10.2.6,10003,10.10.1.2,11099,10035.075166950544
606.3998601927219,10.10.2.6,10118,10.10.1.3,11179,4314737.928985796
606.5666438774296,10.10.2.6,10036,10.10.1.6,11122,2710.0862733585736
606.9023590853154,10.10.2.6,10134,10.10.1.10,11070,4073.638466744276
606.9171145116943,10.10.2.6,10129,10.10.1.13,11032,22181.285473288164
607.0367577129473,10.10.2.6,10012,10.10.1.8,11106,4883.304711344476
607.066189505664,10.10.2.6,10182,10.10.1.12,11128,40405548.82979883
607.080974504305,10.10.2.6,10156,10.10.1.13,11189,18710.006523860753
607.1232724216379,10.10.2.6,10131,10.10.1.6,11050,4808.348115632255
607.255701989779,10.10.2.6,10166,10.10.1.14,11091,11851.850130868499
607.3945089850213,10.10.2.6,10149,10.10.1.6,11048,3536.9238639336013
607.4470983882458,10.10.2.6,10153,10.10.1.3,11119,47876.497874166176
607.8234094759325,10.10.2.6,10088,10.10.1.3,11094,9538.083812214503
607.9283841799079,10.10.2.6,10119,10.10.1.5,11084,2380.906757234021
607.992517763716,10.10.2.6,10078,10.10.1.5,11166,2268.0787741936297
608.0457709772268,10.10.2.6,10158,10.10.1.16,11029,5015.552548994235
608.0836015236117,10.10.2.6,10017,10.10.1.16,11181,2471.0786136359675
608.1656969896343,10.10.2.6,10069,10.10.1.11,11042,1184492114.1480863
608.1727905131924,10.10.2.6,10156,10.10.1.13,11143,1961.8937513576648
608.2793383486243,10.10.2.6,10023,10.10.1.13,11170,51721.12383416119
608.4553515846345,10.10.2.6,10154,10.10.1.14,11037,6279.022863646816
608.5169926837392,10.10.2.6,10091,10.10.1.4,11035,16278.942076398862
608.5333613015575,10.10.2.6,10035,10.10.1.14,11195,5173.309482290025
608.6370261107653,10.10.2.6,10153,10.10.1.16,11015,9320121.661609463
608.6786651127442,10.10.2.6,10035,10.10.1.2,11067,16956.686870258007
608.7894600019541,10.10.2.6,10130,10.10.1.3,11143,35268.7516587158
608.8876720427625,10.10.2.6,10173,10.10.1.16,11085,78258.28624214361
608.9284045375898,10.10.2.6,10028,10.10.1.1,11170,17323.436496801674
609.0696105399594,10.10.2.6,10050,10.10.1.9,11176,7448.676819180563
609.3509486145375,10.10.2.6,10083,10.10.1.4,11096,105209.03742668939
609.3614732234437,10.10.2.6,10135,10.10.1.10,11005,16860.02964132857
609.5711628305413,10.10.2.6,10016,10.10.1.9,11118,122923517.59022646
609.6083848507702,10.10.2.6,10123,10.10.1.13,11083,32481393.304532707
609.7781841312159,10.10.2.6,10047,10.10.1.9,11141,4471833.686269088
609.7834381956761,10.10.2.6,10138,10.10.1.9,11066,4905.089873637579
609.8908985491267,10.10.2.6,10128,10.10.1.16,11101,4045.9432611999487
609.9662431209913,10.10.2.6,10044,10.10.1.11,11138,21147.664598425323
610.1150541623047,10.10.2.6,10082,10.10.1.11,11164,2036.7160369583862
610.1454062806141,10.10.2.6,10162,10.10.1.7,11007,78679.53910868906
610.2406813549684,10.10.2.6,10055,10.10.1.14,11111,2358.100474706859
610.2530483098914,10.10.2.6,10088,10.10.1.10,11078,42480.81006690407
610.293217355824,10.10.2.6,10150,10.10.1.9,11007,10539.115431167036
610.4250823200354,10.10.2.6,10158,10.10.1.5,11050,5969159.661864439
610.4523566923878,10.10.2.6,10198,10.10.1.1,11042,2885.6341202867357
610.4605256868971,10.10.2.6,10036,10.10.1.14,11122,4356.334767966132
610.4681353241859,10.10.2.6,10117,10.10.1.11,11047,34437.160926026125
610.5226297250637,10.10.2.6,10063,10.10.1.15,11067,23801.885799316835
610.6794362020815,10.10.2.6,10002,10.10.1.12,11095,1964.0164052304308
610.7048601729864,10.10.2.6,10101,10.10.1.15,11192,9803.183470961148
610.7120939466631,10.10.2.6,10144,10.10.1.14,11178,3425.2908603886713
610.8732694186043,10.10.2.6,10177,10.10.1.12,11144,28253.00076452499
610.887760421551,10.10.2.6,10083,10.10.1.3,11154,213195.1050782605
611.0451477158915,10.10.2.6,10094,10.10.1.15,11010,19227.426462970587
611.1269264130092,10.10.2.6,10175,10.10.1.15,11086,42572.2413097984
611.1928641708001,10.10.2.6,10184,10.10.1.14,11193,1671.4890940595747
611.1957042451928,10.10.2.6,10052,10.10.1.16,11176,2073.8089652162253
611.2042356706038,10.10.2.6,10061,10.10.1.2,11025,1511.1350146440245
611.3308445114457,10.10.2.6,10137,10.10.1.9,11112,179578.52030770868
611.3531272472813,10.10.2.6,10161,10.10.1.8,11027,87906298.36050461
611.3772103653183,10.10.2.6,10135,10.10.1.2,11011,33661.335854240395
611.4293944242761,10.10.2.6,10197,10.10.1.9,11086,2160.033996432956
611.5531634575997,10.10.2.6,10115,10.10.1.14,11111,11398.548190640868
611.6762889819863,10.10.2.6,10194,10.10.1.10,11163,17646.561052531815
611.6954868256106,10.10.2.6,10020,10.10.1.2,11050,22784.302270548797
611.7411172020925,10.10.2.6,10158,10.10.1.5,11177,4685.26124643667
611.741324705797,10.10.2.6,10056,10.10.1.11,11015,15535.334658291322
611.9141060491197,10.10.2.6,10090,10.10.1.7,11049,7028.326007795641
611.9176586929657,10.10.2.6,10085,10.10.1.6,11102,7384.521986857802
611.9440953366903,10.10.2.6,10176,10.10.1.12,11189,2929.435545392549
612.0446601135124,10.10.2.6,10053,10.10.1.2,11055,2343.1848300058164
612.0799815533798,10.10.2.6,10016,10.10.1.15,11126,27585.547182289945
612.0930217850142,10.10.2.6,10020,10.10.1.10,11190,4997777.1301301485
612.1322143330423,10.10.2.6,10141,10.10.1.15,11093,2368.7475286168697
612.1832095969786,10.10.2.6,10128,10.10.1.14,11190,95289.83917447209
612.2691113767676,10.10.2.6,10061,10.10.1.16,11130,4367.475306074223
612.2941727721278,10.10.2.6,10047,10.10.1.13,11198,2930.8726526682503
612.3279283319198,10.10.2.6,10044,10.10.1.8,11064,37002.320844744936
612.3676190312251,10.10.2.6,10164,10.10.1.16,11106,16370.977670995284
612.4500251762868,10.10.2.6,10036,10.10.1.4,11051,1531.3674208013817
612.6758410449885,10.10.2.6,10082,10.10.1.9,11125,24038.236403637275
612.7059803989744,10.10.2.6,10054,10.10.1.6,11024,77969243.95547476
612.8262767043545,10.10.2.6,10188,10.10.1.13,11044,56000.07448575993
612.8614943406815,10.10.2.6,10133,10.10.1.3,11013,4579982.150432682
612.9065471570514,10.10.2.6,10090,10.10.1.9,11112,6056.113500549796
612.9570952278333,10.10.2.6,10170,10.10.1.5,11009,2622.599701872469
613.1400387108757,10.10.2.6,10166,10.10.1.2,11161,1808.583714648191
613.1634133374383,10.10.2.6,10197,10.10.1.16,11064,6672.328185142437
613.1950538220391,10.10.2.6,10011,10.10.1.7,11063,3636.0207335283035
613.2044974427514,10.10.2.6,10035,10.10.1.11,11088,1946.8437454992104
613.2047178270202,10.10.2.6,10079,10.10.1.9,11081,4420.096576498546
613.2902409735977,10.10.2.6,10108,10.10.1.1,11130,3927.7127680342387
613.4035070437556,10.10.2.6,10072,10.10.1.7,11177,23327.871118688305
613.4085937980616,10.10.2.6,10177,10.10.1.13,11188,2002.403069095575
613.7400225885397,10.10.2.6,10085,10.10.1.15,11191,6793.877075727782
613.7554582338212,10.10.2.6,10000,10.10.1.4,11032,7101.177395398761
614.0597883730429,10.10.2.6,10142,10.10.1.7,11058,415400.4782334604
614.2266538961088,10.10.2.6,10098,10.10.1.1,11122,1843.4511775730743
614.4654638452499,10.10.2.6,10065,10.10.1.16,11132,6360.374002152209
614.5836111015988,10.10.2.6,10016,10.10.1.12,11134,9884.496951686524
614.5981414075932,10.10.2.6,10122,10.10.1.6,11049,4577.598470642239
614.6397816585138,10.10.2.6,10109,10.10.1.3,11017,42706167.10454215
614.7814722476558,10.10.2.6,10112,10.10.1.8,11197,90629805.78368717
614.7980690712195,10.10.2.6,10005,10.10.1.13,11101,5211.59670509893
614.946928404783,10.10.2.6,10065,10.10.1.3,11075,10476.606893503033
615.0032866967152,10.10.2.6,10009,10.10.1.6,11020,575363.4509340511
615.1600982026732,10.10.2.6,10165,10.10.1.11,11187,2458.699808051359
615.248779941979,10.10.2.6,10171,10.10.1.5,11096,4020.3643094683293
615.2798450698128,10.10.2.6,10013,10.10.1.14,11057,8974.284283084282
615.3023494299017,10.10.2.6,10006,10.10.1.8,11145,47760.32345914515
615.3256634046511,10.10.2.6,10011,10.10.1.4,11194,133556095.77749287
615.4883013702496,10.10.2.6,10122,10.10.1.15,11118,3626.6665141471667
615.6133899878544,10.10.2.6,10089,10.10.1.4,11088,23136.0536439992
615.7530775872614,10.10.2.6,10144,10.10.1.11,11145,6349.963770129002
615.9271472784145,10.10.2.6,10015,10.10.1.3,11002,2058.70893774608
616.1486280706753,10.10.2.6,10165,10.10.1.12,11162,5947.229829608897
616.2008886009437,10.10.2.6,10090,10.10.1.5,11155,30677.877707240514
616.5129879859734,10.10.2.6,10166,10.10.1.16,11186,1925.1856527433706
616.591145132329,10.10.2.6,10198,10.10.1.9,11171,6128.235160843778
616.6200651174612,10.10.2.6,10056,10.10.1.5,11081,82780.82738576915
616.9289401266652,10.10.2.6,10013,10.10.1.4,11028,71574.33651015317
617.0473645982873,10.10.2.6,10111,10.10.1.5,11184,3489.497868305561
617.3145234785884,10.10.2.6,10154,10.10.1.5,11009,8485.450728730417
617.3732423083529,10.10.2.6,10173,10.10.1.7,11197,10956.40094009404
617.3885096512641,10.10.2.6,10076,10.10.1.16,11127,3063.4839525418797
617.3967138580917,10.10.2.6,10094,10.10.1.5,11086,6547.702020360408
617.4616018408952,10.10.2.6,10047,10.10.1.4,11167,6337.917154555326
617.6842611045239,10.10.2.6,10089,10.10.1.9,11149,1630.7418009957678
617.8902183279652,10.10.2.6,10082,10.10.1.9,11007,9915.546053904804
618.0822068512157,10.10.2.6,10023,10.10.1.1,11163,34176.839976775234
618.1591542861768,10.10.2.6,10181,10.10.1.2,11061,5615.274131670652
618.3664792974851,10.10.2.6,10064,10.10.1.4,11142,34781.42367638901
618.3855077694552,10.10.2.6,10169,10.10.1.2,11184,11250.89617746707
618.4648406349523,10.10.2.6,10148,10.10.1.5,11085,18630.1809469389
618.5827992651383,10.10.2.6,10059,10.10.1.10,11154,6681.286461108836
618.5884602806643,10.10.2.6,10058,10.10.1.4,11174,2241.5009392151264
618.6237896906962,10.10.2.6,10026,10.10.1.10,11132,2431.9102008799696
618.7476971320928,10.10.2.6,10077,10.10.1.5,11143,4489812.947396428
619.0757506179486,10.10.2.6,10146,10.10.1.8,11055,3036.331208471743
619.1232671670849,10.10.2.6,10061,10.10.1.10,11142,24709.42799041047
619.1576199526173,10.10.2.6,10131,10.10.1.12,11008,2331.7117049301905
619.2046634402118,10.10.2.6,10183,10.10.1.12,11191,2516.3154473679647
619.3029039375501,10.10.2.6,10033,10.10.1.1,11058,3632.6642166493516
619.41704704263,10.10.2.6,10024,10.10.1.9,11067,46342323.157308705
619.4645938436817,10.10.2.6,10078,10.10.1.8,11010,3878.1162451585647
619.5222240632764,10.10.2.6,10061,10.10.1.13,11185,73954.80790408191
619.5403310743932,10.10.2.6,10075,10.10.1.12,11149,22873.859980596426
619.6136333489077,10.10.2.6,10113,10.10.1.16,11195,92029.26098332254
619.6304099629587,10.10.2.6,10044,10.10.1.9,11136,1720.6066567623564
619.6508847942301,10.10.2.6,10108,10.10.1.8,11153,32137.71804176201
619.7451901683781,10.10.2.6,10107,10.10.1.7,11015,3266.184919260685
619.8882837334745,10.10.2.6,10097,10.10.1.8,11144,55581.16111135529
619.9187342414854,10.10.2.6,10159,10.10.1.6,11192,3602.2075716588324
620.0543519807209,10.10.2.6,10086,10.10.1.6,11144,6352.974564613875
620.0972468691513,10.10.2.6,10055,10.10.1.16,11027,91492.40245154675
620.2029457403454,10.10.2.6,10092,10.10.1.9,11161,4611318882.503769
620.2732839273435,10.10.2.6,10196,10.10.1.4,11105,54516.27134832071
620.4948148943265,10.10.2.6,10015,10.10.1.5,11026,3003.4829314964413
620.5741479737981,10.10.2.6,10143,10.10.1.15,11102,34255977.33094595
620.6544878479766,10.10.2.6,10038,10.10.1.12,11051,81895.27960869849
620.7866864114324,10.10.2.6,10068,10.10.1.13,11003,48689.87997887677
620.8195193862877,10.10.2.6,10193,10.10.1.1,11179,9939.449734116704
621.0096924707926,10.10.2.6,10016,10.10.1.8,11056,3257.2134850865464
621.1845567280549,10.10.2.6,10136,10.10.1.4,11012,23060.048629445995
621.2255769134716,10.10.2.6,10023,10.10.1.12,11109,3643.055187682064
621.3547488509166,10.10.2.6,10154,10.10.1.16,11081,6776.628210970608
621.3997470714007,10.10.2.6,10107,10.10.1.8,11180,3873090.845650137
621.4033819478551,10.10.2.6,10068,10.10.1.3,11010,20484.843212138963
621.4230838646009,10.10.2.6,10159,10.10.1.8,11100,24976.792854756546
621.4320097677775,10.10.2.6,10104,10.10.1.11,11192,78933.09074590115
621.4340251760332,10.10.2.6,10020,10.10.1.4,11033,5204.97828994565
621.5828367681971,10.10.2.6,10096,10.10.1.4,11179,4575.811969120204
621.6241277821881,10.10.2.6,10198,10.10.1.15,11179,54752.87552785796
621.7581101132041,10.10.2.6,10173,10.10.1.14,11080,5841774.39027245
621.7803158227574,10.10.2.6,10177,10.10.1.2,11017,5056622.431137307
621.837633293746,10.10.2.6,10197,10.10.1.13,11011,1700.4473017814457
621.8875905681047,10.10.2.6,10124,10.10.1.11,11128,29304.068382449772
621.9972223771468,10.10.2.6,10189,10.10.1.6,11163,10532.770954762735
622.1732862746328,10.10.2.6,10144,10.10.1.3,11147,1669.8818135266574
622.2000394247459,10.10.2.6,10157,10.10.1.16,11122,10620.377365106322
622.2144394959126,10.10.2.6,10161,10.10.1.6,11092,26073.557469072846
622.2771370906662,10.10.2.6,10127,10.10.1.8,11089,23452.25915078067
622.3598231825038,10.10.2.6,10104,10.10.1.12,11193,47359.732943680494
622.5842119184625,10.10.2.6,10155,10.10.1.9,11078,4164.4701817451305
622.720850005722,10.10.2.6,10123,10.10.1.7,11075,3521.9618316172355
622.950467086678,10.10.2.6,10156,10.10.1.8,11036,1666.5674469868932
622.9605142180936,10.10.2.6,10168,10.10.1.9,11139,32159661.4664771
622.998655010941,10.10.2.6,10048,10.10.1.5,11061,47596.710312272386
623.1569982218022,10.10.2.6,10098,10.10.1.5,11062,1573.5708509001781
623.3667106790394,10.10.2.6,10011,10.10.1.10,11098,30561.373488955534
623.4217527786224,10.10.2.6,10150,10.10.1.3,11070,49254120.00255309
623.4934712852339,10.10.2.6,10142,10.10.1.7,11179,2264.5697937046143
623.605187459844,10.10.2.6,10176,10.10.1.14,11049,3644.4828163053094
623.6064421353605,10.10.2.6,10095,10.10.1.13,11050,2935.4317040084807
623.8520445629489,10.10.2.6,10030,10.10.1.10,11105,129069856.56274664
624.0616764315197,10.10.2.6,10105,10.10.1.1,11013,532867.9190952342
624.0853784378409,10.10.2.6,10089,10.10.1.5,11030,5133920.445782981
624.2373402193438,10.10.2.6,10174,10.10.1.12,11147,1705713579.1498928
624.2539836336337,10.10.2.6,10110,10.10.1.2,11128,32765.1338721379
624.4455987748289,10.10.2.6,10128,10.10.1.5,11185,24634.09889891843
624.4704337128384,10.10.2.6,10197,10.10.1.10,11104,223214.28235421266
624.7378623505716,10.10.2.6,10051,10.10.1.5,11112,29044.023182517725
624.8239681036597,10.10.2.6,10064,10.10.1.9,11160,33744.60872593548
624.8968662043932,10.10.2.6,10197,10.10.1.12,11077,4290230629.7180347
624.9008475054494,10.10.2.6,10110,10.10.1.6,11134,115122526.18433677
624.9550037138341,10.10.2.6,10037,10.10.1.10,11187,2470.5654818525904
625.0278340182226,10.10.2.6,10115,10.10.1.11,11182,2533.5364792547102
625.2850853455018,10.10.2.6,10067,10.10.1.5,11177,4799.532287740043
625.3052991806763,10.10.2.6,10118,10.10.1.16,11191,2311.1005331194483
625.3131845732123,10.10.2.6,10090,10.10.1.11,11026,37570388.10200324
625.3262240023957,10.10.2.6,10160,10.10.1.15,11115,8537.563785113698
625.3303857149126,10.10.2.6,10155,10.10.1.4,11125,3221.2319930353424
625.3680931666792,10.10.2.6,10013,10.10.1.4,11189,2573.205448950414
625.4391405867699,10.10.2.6,10071,10.10.1.1,11064,24679.88324664758
625.4999115305543,10.10.2.6,10109,10.10.1.11,11191,1036493524.9368904
625.609637831016,10.10.2.6,10158,10.10.1.12,11181,15676.266262693156
625.6801988821645,10.10.2.6,10184,10.10.1.4,11189,10288.39981328263
625.733260357153,10.10.2.6,10045,10.10.1.5,11185,5163758.6156274965
625.8248856113438,10.10.2.6,10146,10.10.1.13,11175,8553314045.737806
625.8862928701366,10.10.2.6,10148,10.10.1.2,11127,1940.4304802621655
625.9008122297121,10.10.2.6,10036,10.10.1.4,11170,5450498.235127456
626.0356938420455,10.10.2.6,10089,10.10.1.11,11133,1134605147.2583208
626.057317475359,10.10.2.6,10000,10.10.1.15,11058,2413.1110684583614
626.1353342700403,10.10.2.6,10181,10.10.1.3,11045,1669.4069262967682
626.1856845011694,10.10.2.6,10081,10.10.1.15,11169,119662.77573397949
626.2100202863028,10.10.2.6,10068,10.10.1.15,11054,3485.9264076657446
626.2864388978426,10.10.2.6,10054,10.10.1.10,11038,2122.3680725344616
626.3272962186047,10.10.2.6,10067,10.10.1.12,11082,4071.0977264746525
626.3966904842265,10.10.2.6,10151,10.10.1.5,11020,48599.31359694378
626.5391865637085,10.10.2.6,10173,10.10.1.7,11042,49794.63795343381
626.5419712870429,10.10.2.6,10105,10.10.1.6,11017,35666486.561770566
626.6359549430153,10.10.2.6,10086,10.10.1.10,11194,22012.062422835483
626.7811923564847,10.10.2.6,10158,10.10.1.7,11177,4276270.787954774
626.8684087141263,10.10.2.6,10009,10.10.1.8,11106,3052.2463093912097
627.0218602695551,10.10.2.6,10117,10.10.1.6,11024,166193.1774257463
627.0319770780962,10.10.2.6,10093,10.10.1.5,11032,7711.594784691059
627.1594159676923,10.10.2.6,10061,10.10.1.11,11103,2825.001924198353
627.2024910023381,10.10.2.6,10009,10.10.1.12,11183,3009.792828239221
627.2170692116536,10.10.2.6,10117,10.10.1.8,11102,6113992.870200444
627.2579437582964,10.10.2.6,10017,10.10.1.15,11185,23086.904979973366
627.2882619278133,10.10.2.6,10112,10.10.1.1,11053,115508.45479137044
627.3078574969808,10.10.2.6,10142,10.10.1.15,11114,30663505.144668825
627.3402219360943,10.10.2.6,10050,10.10.1.2,11069,11758.613911616438
627.3696189559574,10.10.2.6,10161,10.10.1.12,11191,35775.84793471428
627.4066858796309,10.10.2.6,10139,10.10.1.16,11067,1690.2388617635565
627.4400820663365,10.10.2.6,10018,10.10.1.5,11125,4390042.8261185875
627.4627533946842,10.10.2.6,10118,10.10.1.13,11151,24458.097069793585
627.4713904093857,10.10.2.6,10076,10.10.1.5,11152,5888.721348432201
627.5916505433627,10.10.2.6,10160,10.10.1.10,11103,2086.008958917048
627.7244656007585,10.10.2.6,10046,10.10.1.13,11140,25030.82468373027
627.7947915607632,10.10.2.6,10143,10.10.1.4,11075,5723.461169498685
627.8158557924351,10.10.2.6,10125,10.10.1.10,11118,5251361.424668867
627.8740320639425,10.10.2.6,10036,10.10.1.7,11041,7075.51693522998
627.8935981750539,10.10.2.6,10039,10.10.1.6,11050,98425.99350489977
627.9802769147332,10.10.2.6,10095,10.10.1.11,11198,1793.1573547236712
628.0631274492276,10.10.2.6,10060,10.10.1.9,11189,8560.658424003528
628.4642294566798,10.10.2.6,10003,10.10.1.9,11167,24418.909773333722
628.5197561971788,10.10.2.6,10027,10.10.1.1,11021,135295767.5331285
628.5569967791838,10.10.2.6,10092,10.10.1.12,11047,36178.16998773996
628.6112268822227,10.10.2.6,10177,10.10.1.15,11121,1377980305.1796498
628.6951095423798,10.10.2.6,10125,10.10.1.9,11143,3625.834248770906
628.7118563116169,10.10.2.6,10149,10.10.1.14,11118,6995.379365205129
628.7357808003717,10.10.2.6,10054,10.10.1.5,11180,4916.6536507153305
628.7588340350247,10.10.2.6,10157,10.10.1.8,11094,107791.43861904502
629.0073479975342,10.10.2.6,10112,10.10.1.8,11136,1818.815675074181
629.1269624552787,10.10.2.6,10099,10.10.1.8,11164,48248.35607641514
629.1612234201432,10.10.2.6,10048,10.10.1.9,11030,2317.9836165112692
629.2134758038139,10.10.2.6,10108,10.10.1.8,11106,4160.169055941896
629.3070036542466,10.10.2.6,10003,10.10.1.6,11123,48068.91875948495
629.3137390472731,10.10.2.6,10037,10.10.1.13,11015,32862.302467656584
629.4240329851566,10.10.2.6,10022,10.10.1.7,11069,30139.9300153953
629.4574109741877,10.10.2.6,10053,10.10.1.12,11128,3544.259227783044
629.8735271615284,10.10.2.6,10022,10.10.1.9,11062,24554.997463698943
629.9626784329408,10.10.2.6,10178,10.10.1.1,11124,3472.6444051892263
630.4425340002855,10.10.2.6,10156,10.10.1.14,11192,2254.6241174041816
630.4610947127454,10.10.2.6,10082,10.10.1.13,11118,47671.56074845382
630.6766930149377,10.10.2.6,10143,10.10.1.3,11069,5362171.873386085
630.7117185284488,10.10.2.6,10115,10.10.1.4,11127,6670.124206892136
631.0215691059918,10.10.2.6,10018,10.10.1.11,11177,6160877.073529116
631.0434935216969,10.10.2.6,10139,10.10.1.11,11089,1631.8696195630064
631.212888598078,10.10.2.6,10120,10.10.1.6,11114,108301.10978320983
631.2303692658706,10.10.2.6,10105,10.10.1.13,11132,35553.34257921484
631.2414942533904,10.10.2.6,10152,10.10.1.6,11158,9971.222462245134
631.2527656986441,10.10.2.6,10185,10.10.1.10,11041,31528371.758028794
631.281749650815,10.10.2.6,10108,10.10.1.16,11061,30413.55379109201
631.3369768828935,10.10.2.6,10014,10.10.1.16,11079,2274.3942774036664
631.4957420361753,10.10.2.6,10049,10.10.1.6,11167,35346.44006386175
631.5690637098961,10.10.2.6,10124,10.10.1.16,11169,7952.988776398283
631.8274966228395,10.10.2.6,10061,10.10.1.10,11184,37877752.229052015
632.095739678989,10.10.2.6,10171,10.10.1.7,11004,1799.3548319634735
632.1579162375716,10.10.2.6,10027,10.10.1.8,11061,4803107.061695583
632.1619843286799,10.10.2.6,10169,10.10.1.15,11022,2603.6394134055486
632.1967412330687,10.10.2.6,10052,10.10.1.11,11043,5692.651205475177
632.2056510435883,10.10.2.6,10173,10.10.1.5,11083,5340545.992992421
632.4120588572232,10.10.2.6,10117,10.10.1.12,11113,29010.689636144667
632.5193721094885,10.10.2.6,10145,10.10.1.1,11021,19222.883033962906
632.5866431338499,10.10.2.6,10000,10.10.1.6,11060,17992.889996933263
632.653454221924,10.10.2.6,10132,10.10.1.10,11122,124008601.60514867
632.7412309545781,10.10.2.6,10117,10.10.1.4,11138,2276.992913088123
632.8527888120079,10.10.2.6,10022,10.10.1.9,11142,1182053.6194664175
632.944841593835,10.10.2.6,10072,10.10.1.2,11118,8052.26185583823
633.159058443646,10.10.2.6,10153,10.10.1.11,11083,46795.62334389021
633.2612157721112,10.10.2.6,10043,10.10.1.11,11045,4603261.143956449
633.3650911474393,10.10.2.6,10038,10.10.1.13,11084,5113.483370837528
633.5721745717301,10.10.2.6,10189,10.10.1.2,11002,3743.0480342567034
633.5896451972174,10.10.2.6,10126,10.10.1.12,11033,95156982.27668059
633.5991385001456,10.10.2.6,10054,10.10.1.9,11001,4107532.492870154
633.6367096158878,10.10.2.6,10013,10.10.1.8,11175,2027.678010840625
633.8510287029501,10.10.2.6,10046,10.10.1.2,11179,114285.84155496208
633.9526527310869,10.10.2.6,10016,10.10.1.11,11025,3212.762627659897
634.0403001866615,10.10.2.6,10003,10.10.1.4,11103,30484293.709813464
634.0861931731397,10.10.2.6,10005,10.10.1.4,11057,9820.046556962414
634.1436057980849,10.10.2.6,10163,10.10.1.16,11000,44367313.02100304
634.2075867233009,10.10.2.6,10003,10.10.1.8,11136,106355.19590802054
634.2978088510433,10.10.2.6,10040,10.10.1.14,11087,4046776156.4262404
634.3064782002425,10.10.2.6,10167,10.10.1.7,11135,5828630.278571944
634.4893159722031,10.10.2.6,10093,10.10.1.16,11004,960904017.3124319
634.5784208940785,10.10.2.6,10113,10.10.1.3,11010,5739525.092730229
634.6744842085437,10.10.2.6,10018,10.10.1.1,11190,6983.543870168676
634.68910956627,10.10.2.6,10001,10.10.1.10,11081,40939.0691605956
634.7421337288356,10.10.2.6,10046,10.10.1.16,11122,34216824.678948894
634.7453716287451,10.10.2.6,10101,10.10.1.10,11115,49929.304828014756
634.8045052609526,10.10.2.6,10000,10.10.1.5,11081,975761843.7128463
634.8607018149703,10.10.2.6,10135,10.10.1.12,11029,47825.313887034594
634.8697188433031,10.10.2.6,10037,10.10.1.11,11172,5424.769494424418
634.9134597331793,10.10.2.6,10163,10.10.1.14,11073,5212.865091424049
635.2477492643463,10.10.2.6,10015,10.10.1.3,11078,11086.741277565096
635.2924783138927,10.10.2.6,10133,10.10.1.4,11131,5194543.963483403
635.3282783400797,10.10.2.6,10157,10.10.1.9,11175,1918.931322062386
635.372356967115,10.10.2.6,10104,10.10.1.12,11098,11539.290706107338
635.4133744334365,10.10.2.6,10004,10.10.1.10,11161,45546503.64303711
635.444186831277,10.10.2.6,10088,10.10.1.8,11129,22971.657390803546
635.5027129296277,10.10.2.6,10084,10.10.1.7,11139,20478.946710660504
635.5933254604295,10.10.2.6,10043,10.10.1.3,11142,3985124.6688472624
635.654250622863,10.10.2.6,10123,10.10.1.11,11082,4913.059962636385
635.9352803438924,10.10.2.6,10077,10.10.1.5,11045,2107.525540891502
635.9981840705439,10.10.2.6,10158,10.10.1.5,11031,1719.5623107003357
636.0646921321506,10.10.2.6,10036,10.10.1.4,11012,18186.9697172129
636.2640529075817,10.10.2.6,10175,10.10.1.14,11173,30195.300006731115
636.2886098631506,10.10.2.6,10139,10.10.1.13,11098,1612.411313618445
636.2996728200468,10.10.2.6,10131,10.10.1.7,11177,1991.4604135415134
636.3424353774361,10.10.2.6,10121,10.10.1.9,11115,1194974482.353242
636.3732436905442,10.10.2.6,10193,10.10.1.13,11066,2834.799052240067
636.3908408541249,10.10.2.6,10120,10.10.1.8,11023,218519.86483960671
636.4283472114898,10.10.2.6,10050,10.10.1.13,11036,112428.57583742998
636.4779704997975,10.10.2.6,10036,10.10.1.14,11108,38699142.914210916
636.4993872989958,10.10.2.6,10196,10.10.1.11,11183,2370.6524313923396
636.5184576897323,10.10.2.6,10121,10.10.1.3,11068,38347113.743026115
636.9192309977544,10.10.2.6,10196,10.10.1.11,11197,5050.3314660529295
637.083018729953,10.10.2.6,10062,10.10.1.4,11104,41756635.05041638
637.1721705588305,10.10.2.6,10160,10.10.1.9,11104,24196.854774992535
637.3247249289446,10.10.2.6,10115,10.10.1.6,11113,18817.99958347128
637.3894767493636,10.10.2.6,10151,10.10.1.12,11062,20885.812718693236
637.4385661024412,10.10.2.6,10182,10.10.1.11,11133,3915.5986028838734
637.7071930577121,10.10.2.6,10150,10.10.1.15,11075,6389.982139274975
637.8180769659576,10.10.2.6,10174,10.10.1.11,11061,122457.7313247598
637.9516552230185,10.10.2.6,10194,10.10.1.4,11112,2004.05708629947
638.0997624563888,10.10.2.6,10082,10.10.1.3,11186,40934502.7038781
638.1467290031027,10.10.2.6,10195,10.10.1.12,11083,4712.975015612291
638.3660046026258,10.10.2.6,10011,10.10.1.11,11107,49882.95142605213
638.3694648854212,10.10.2.6,10133,10.10.1.15,11089,2113.4829282715746
638.5072371577003,10.10.2.6,10183,10.10.1.3,11057,2404.524933352517
638.6540196405585,10.10.2.6,10068,10.10.1.10,11158,192304.5903009364
638.7055292315505,10.10.2.6,10091,10.10.1.6,11057,9156.759052104384
639.1927888567554,10.10.2.6,10137,10.10.1.1,11087,31911.808149277855
639.3498804651118,10.10.2.6,10108,10.10.1.6,11096,2256.0729540609955
639.3818517961171,10.10.2.6,10006,10.10.1.3,11019,3298.877876902361
639.4561600614362,10.10.2.6,10184,10.10.1.13,11057,4315.408667008517
639.675790022125,10.10.2.6,10084,10.10.1.13,11115,2422.8091075479147
639.8640255126489,10.10.2.6,10007,10.10.1.2,11122,5621155.580274799
639.8760336082652,10.10.2.6,10088,10.10.1.1,11144,34157.86810972194
639.931956059654,10.10.2.6,10062,10.10.1.16,11063,197534.91917551775
639.988724106128,10.10.2.6,10194,10.10.1.14,11063,7492.234312484386
640.025557206159,10.10.2.6,10106,10.10.1.14,11009,1604.1190377415562
640.0653243481618,10.10.2.6,10146,10.10.1.14,11129,23745.064869161783
640.1940423446971,10.10.2.6,10169,10.10.1.14,11137,1831.0149192899605
640.4162053637941,10.10.2.6,10083,10.10.1.13,11066,31277.298820282922
640.4199844756698,10.10.2.6,10098,10.10.1.16,11100,31369182.841890648
640.4603392265589,10.10.2.6,10177,10.10.1.8,11141,481108.573844188
640.6253910178654,10.10.2.6,10007,10.10.1.9,11169,3252.849263908703
640.6621308744769,10.10.2.6,10171,10.10.1.2,11139,21306.96125995014
640.8055283595801,10.10.2.6,10151,10.10.1.16,11039,1236984.568714608
640.9023779092711,10.10.2.6,10015,10.10.1.5,11081,49152.753838282835
640.9958587281039,10.10.2.6,10154,10.10.1.3,11113,2498.491000919349
641.0565477795163,10.10.2.6,10105,10.10.1.1,11181,90380.72038996167
641.0707106581797,10.10.2.6,10003,10.10.1.14,11123,9295.720243484395
641.0934631530752,10.10.2.6,10091,10.10.1.13,11090,41694.76773852022
641.1553807172586,10.10.2.6,10184,10.10.1.3,11037,24013.5831985067
641.1593609801131,10.10.2.6,10099,10.10.1.5,11164,2732.6104018860524
641.3703963759356,10.10.2.6,10086,10.10.1.15,11018,4108.014160650624
641.3986787492896,10.10.2.6,10020,10.10.1.15,11109,28946.347463236812
641.4818223665352,10.10.2.6,10078,10.10.1.6,11036,1917.3897954345287
641.5024110990312,10.10.2.6,10145,10.10.1.9,11150,16095.993486745849
641.5839691082434,10.10.2.6,10159,10.10.1.3,11178,41663755.92014126
641.6243382524427,10.10.2.6,10152,10.10.1.4,11096,38578859.09884373
641.6384248682108,10.10.2.6,10184,10.10.1.3,11124,67047.66263821341
641.718156087883,10.10.2.6,10154,10.10.1.1,11089,3453.9519787931526
641.800182501609,10.10.2.6,10177,10.10.1.7,11083,6515.229056302816
641.9202788285597,10.10.2.6,10121,10.10.1.2,11063,2401.648471405754
641.958622200952,10.10.2.6,10022,10.10.1.3,11015,37031.09963826771
641.9988687813719,10.10.2.6,10043,10.10.1.15,11190,3673.3135361841705
642.0663926696503,10.10.2.6,10124,10.10.1.4,11163,38356.5066531443
642.2912144006805,10.10.2.6,10001,10.10.1.16,11058,19502.307348006514
642.4106629872572,10.10.2.6,10076,10.10.1.2,11080,3573.565424455669
642.4533259780501,10.10.2.6,10188,10.10.1.12,11046,5113341.397454243
642.456589494788,10.10.2.6,10076,10.10.1.15,11014,4174783.7691802257
642.7519946200111,10.10.2.6,10134,10.10.1.9,11051,39070.7231236776
642.7660738670012,10.10.2.6,10188,10.10.1.7,11063,3255.7509698842323
642.9365722609322,10.10.2.6,10153,10.10.1.13,11130,5472743.543055516
643.0172726883189,10.10.2.6,10106,10.10.1.8,11032,1812.629225142825
643.1830484077434,10.10.2.6,10135,10.10.1.1,11085,46853.69398838176
643.2503736228962,10.10.2.6,10176,10.10.1.9,11086,2604.5214382126555
643.2695771123838,10.10.2.6,10120,10.10.1.6,11160,5033.413309262338
643.3051006777507,10.10.2.6,10000,10.10.1.5,11045,21905.92374077253
643.3231984745429,10.10.2.6,10077,10.10.1.15,11125,31279479.939232368
643.3393393143427,10.10.2.6,10192,10.10.1.15,11012,3296.6993021880303
643.4338458343555,10.10.2.6,10116,10.10.1.7,11058,3175.4292428652984
643.4406312155253,10.10.2.6,10092,10.10.1.16,11144,23982.41080427238
643.5076470534233,10.10.2.6,10098,10.10.1.12,11086,51753.753873469606
643.5199301102064,10.10.2.6,10174,10.10.1.3,11178,28471.274895506507
643.5522907999275,10.10.2.6,10028,10.10.1.12,11144,9951.984002931198
643.6358261781356,10.10.2.6,10078,10.10.1.13,11172,24990.59767748476
643.6826746455602,10.10.2.6,10132,10.10.1.7,11070,23434.618733515585
643.7154654430774,10.10.2.6,10131,10.10.1.15,11061,234474.5143254192
643.7492672102451,10.10.2.6,10020,10.10.1.8,11076,68601.06223394208
643.8390657492193,10.10.2.6,10147,10.10.1.2,11108,2266.1998235835736
644.0596221330969,10.10.2.6,10122,10.10.1.13,11156,24875.0578356618
644.0691312778308,10.10.2.6,10193,10.10.1.7,11062,2055.115724894312
644.1793366746347,10.10.2.6,10014,10.10.1.15,11082,24627.570201738297
644.2650221432032,10.10.2.6,10065,10.10.1.9,11195,18220.527985031815
644.334470714382,10.10.2.6,10088,10.10.1.9,11184,5748220.961415954
644.4951716854978,10.10.2.6,10170,10.10.1.7,11037,46311.14580880696
644.5977639769686,10.10.2.6,10067,10.10.1.7,11067,16238.420315681926
644.6988961251495,10.10.2.6,10058,10.10.1.9,11180,3667.872422950251
644.9688862611051,10.10.2.6,10148,10.10.1.16,11054,2535.8901830499253
645.0336143069426,10.10.2.6,10160,10.10.1.5,11168,36858.82499687156
645.0389263296785,10.10.2.6,10109,10.10.1.10,11150,51982.80322610358
645.0776927653162,10.10.2.6,10120,10.10.1.14,11098,34826515.17520124
645.2184388876665,10.10.2.6,10133,10.10.1.12,11174,1103773.8965703165
645.4271710246376,10.10.2.6,10183,10.10.1.2,11190,2467.8657032992037
645.6653754371612,10.10.2.6,10153,10.10.1.7,11050,19699.132382655043
645.8077627990292,10.10.2.6,10026,10.10.1.13,11094,66494.07682368804
645.8254545490547,10.10.2.6,10192,10.10.1.6,11124,64731420.262072235
646.0029572825807,10.10.2.6,10009,10.10.1.4,11076,1824.1258336291316
646.0269720431913,10.10.2.6,10023,10.10.1.9,11042,2321.2766519122133
646.1751330392466,10.10.2.6,10132,10.10.1.13,11192,21209.804364942574
646.208596514657,10.10.2.6,10079,10.10.1.12,11045,109060.63351094954
646.3639771903676,10.10.2.6,10062,10.10.1.8,11160,1582.8082126014558
646.4100927992785,10.10.2.6,10194,10.10.1.10,11078,15829.184020848292
646.4898558606325,10.10.2.6,10011,10.10.1.7,11164,6156.341213227756
646.5658398130295,10.10.2.6,10037,10.10.1.14,11157,23250.136508486477
646.6847594319196,10.10.2.6,10187,10.10.1.14,11188,12395.330297078475
646.9760600715224,10.10.2.6,10139,10.10.1.15,11138,27094.733029259307
646.977151047076,10.10.2.6,10034,10.10.1.2,11159,9605.57556002871
647.1251701964161,10.10.2.6,10190,10.10.1.4,11095,1787.7122838497664
647.2071558973149,10.10.2.6,10047,10.10.1.2,11137,4618818.722427913
647.2096895458675,10.10.2.6,10157,10.10.1.11,11011,7997.911921307039
647.3661353578709,10.10.2.6,10035,10.10.1.7,11106,49989114.4291725
647.3854994010355,10.10.2.6,10083,10.10.1.4,11178,6705.707342481187
647.3959378346239,10.10.2.6,10169,10.10.1.2,11111,9434.781572321177
647.4187854979596,10.10.2.6,10189,10.10.1.9,11032,15732.808718208995
647.4865218444468,10.10.2.6,10064,10.10.1.3,11058,4499495.636650575
647.7373893758884,10.10.2.6,10002,10.10.1.7,11127,1598.4929751230056
647.7499873251218,10.10.2.6,10007,10.10.1.12,11162,72346.01614880117
647.8748699103361,10.10.2.6,10198,10.10.1.9,11163,23815.14162669352
647.9863920062008,10.10.2.6,10141,10.10.1.12,11197,19098.98982402544
648.1444736364527,10.10.2.6,10167,10.10.1.9,11033,34437.003364928845
648.1465315667367,10.10.2.6,10053,10.10.1.3,11115,4935382.45638701
648.1880848049174,10.10.2.6,10099,10.10.1.13,11189,22887.456764255923
648.2697502224149,10.10.2.6,10020,10.10.1.5,11046,3224.475231318304
648.3241817487661,10.10.2.6,10089,10.10.1.9,11126,30456.775375251997
648.330353314783,10.10.2.6,10132,10.10.1.15,11180,49058806.96129446
648.3548512330635,10.10.2.6,10147,10.10.1.13,11055,1589.76295692333
648.4939483196571,10.10.2.6,10145,10.10.1.4,11037,8318.185874346866
648.6562536655939,10.10.2.6,10125,10.10.1.3,11178,2258.08179635128
648.7273843843196,10.10.2.6,10097,10.10.1.8,11017,11872.184386301591
648.8405447309896,10.10.2.6,10141,10.10.1.15,11173,3638.7326708624714
648.8571198343768,10.10.2.6,10040,10.10.1.13,11035,1938.1532200738623
649.0105353394468,10.10.2.6,10017,10.10.1.5,11006,17222.219221701384
649.2431805485876,10.10.2.6,10135,10.10.1.6,11069,8334.904989656463
649.2751953278633,10.10.2.6,10194,10.10.1.12,11168,4495272.408642545
649.3622221762874,10.10.2.6,10140,10.10.1.10,11064,2054.269441765518
649.4157826171931,10.10.2.6,10002,10.10.1.5,11114,24328.389001151972
649.7192127637296,10.10.2.6,10195,10.10.1.7,11170,50908.78278933839
649.812014524201,10.10.2.6,10177,10.10.1.10,11119,9640.356953786737
649.828644970532,10.10.2.6,10033,10.10.1.12,11096,2118.6137612198822
649.8452170878734,10.10.2.6,10108,10.10.1.4,11172,22541.527486450475
649.9885843146822,10.10.2.6,10137,10.10.1.4,11103,9980.952934571747
650.1605786965841,10.10.2.6,10072,10.10.1.4,11190,6429.471257016352
650.3034185626412,10.10.2.6,10104,10.10.1.10,11076,31537.204310874455
650.4798538830559,10.10.2.6,10074,10.10.1.15,11069,5188.16150720251
650.7885373752985,10.10.2.6,10107,10.10.1.16,11004,31168.952645160516
650.8594438051158,10.10.2.6,10073,10.10.1.4,11097,47138.87442850144
651.0985589402577,10.10.2.6,10041,10.10.1.12,11016,2092.7924536921732
651.1157941450936,10.10.2.6,10062,10.10.1.13,11039,70745.41659298356
651.1768591440034,10.10.2.6,10041,10.10.1.10,11093,116422.75561957927
651.227814271502,10.10.2.6,10022,10.10.1.4,11163,31372.69313083381
651.3561571918733,10.10.2.6,10102,10.10.1.15,11156,31293.783725320034
651.3995400520391,10.10.2.6,10175,10.10.1.8,11158,10131.596447923645
651.5878190833871,10.10.2.6,10074,10.10.1.12,11065,68074.0545396708
651.6528395555562,10.10.2.6,10103,10.10.1.1,11031,9624.97134766287
652.022690051974,10.10.2.6,10014,10.10.1.9,11107,2997.7569262024967
652.2772204967598,10.10.2.6,10119,10.10.1.14,11007,3555.5920145050595
652.3199093944236,10.10.2.6,10169,10.10.1.6,11014,25009.594524132342
652.3671533316576,10.10.2.6,10182,10.10.1.5,11076,1013959333.8925215
652.3992956849812,10.10.2.6,10178,10.10.1.1,11116,1990.4511367314426
652.4738098546934,10.10.2.6,10056,10.10.1.16,11124,584167.5720050281
652.7870974030184,10.10.2.6,10194,10.10.1.9,11047,2909.436304960864
652.874243948976,10.10.2.6,10192,10.10.1.2,11152,61440.55850836154
653.2059458685289,10.10.2.6,10165,10.10.1.1,11110,22324.153443788437
653.3221992076343,10.10.2.6,10101,10.10.1.14,11040,23456.743366758223
653.323839468318,10.10.2.6,10124,10.10.1.11,11008,3751.736174224733
653.4540978668763,10.10.2.6,10001,10.10.1.16,11067,41160209.33762391
653.5170701148799,10.10.2.6,10191,10.10.1.7,11174,6772.625812113896
653.5187998061032,10.10.2.6,10093,10.10.1.14,11113,30342.97274735735
653.5349719947023,10.10.2.6,10011,10.10.1.16,11037,34494519.71993803
653.5507675428039,10.10.2.6,10067,10.10.1.7,11069,6368.7213756952515
653.6375274876087,10.10.2.6,10107,10.10.1.7,11106,20368.390773795385
653.6451025289514,10.10.2.6,10060,10.10.1.7,11047,7236.587376490746
653.7225810415654,10.10.2.6,10105,10.10.1.12,11198,7458.4451218123895
653.8446726223272,10.10.2.6,10178,10.10.1.10,11145,4081261565.509028
654.0963522254822,10.10.2.6,10063,10.10.1.4,11115,3985832.7580377785
654.1345408170904,10.10.2.6,10141,10.10.1.7,11090,114111.39050274919
654.1645970523132,10.10.2.6,10028,10.10.1.15,11108,4046951.098419765
654.1666409670112,10.10.2.6,10191,10.10.1.15,11054,35897.52982993414
654.1803778980758,10.10.2.6,10021,10.10.1.3,11085,5972333.113514495
654.1840481494771,10.10.2.6,10145,10.10.1.4,11108,37010.70902666584
654.2314680745309,10.10.2.6,10051,10.10.1.2,11131,17788.003226703542
654.2367987212572,10.10.2.6,10051,10.10.1.7,11009,23397.13161389094
654.6351759863721,10.10.2.6,10079,10.10.1.16,11077,19809.961998530052
654.7549835500739,10.10.2.6,10189,10.10.1.12,11088,16115.750244053494
654.9161641205858,10.10.2.6,10111,10.10.1.6,11105,2219.396686979957
655.0697515415226,10.10.2.6,10127,10.10.1.12,11061,46583.71474290558
655.0948363138262,10.10.2.6,10100,10.10.1.3,11156,21763.79283607826
655.1530687046579,10.10.2.6,10110,10.10.1.9,11124,32593027.30175128
655.2118110459209,10.10.2.6,10024,10.10.1.12,11070,3693.862676905218
655.4576735551318,10.10.2.6,10121,10.10.1.16,11082,60108.964569129465
655.5405297362842,10.10.2.6,10123,10.10.1.4,11121,37018602.158188514
655.6651757840726,10.10.2.6,10053,10.10.1.2,11100,6275.265400971394
655.7018190318942,10.10.2.6,10175,10.10.1.8,11102,38806.46099060088
655.7582708289384,10.10.2.6,10061,10.10.1.7,11073,4672.539795568459
655.7755668231558,10.10.2.6,10067,10.10.1.14,11090,73286.73737685164
655.7919417274311,10.10.2.6,10077,10.10.1.6,11107,75459.57526113412
655.8053243723039,10.10.2.6,10011,10.10.1.5,11073,1923.3041172819812
655.9045794336859,10.10.2.6,10111,10.10.1.13,11028,39893.97454889329
656.193077876966,10.10.2.6,10190,10.10.1.11,11067,30299.737002242844
656.2173783910181,10.10.2.6,10146,10.10.1.1,11088,17203.41598391154
656.2615034774334,10.10.2.6,10029,10.10.1.10,11143,81242269.51215288
656.2720419762595,10.10.2.6,10015,10.10.1.6,11187,2850.4047887667134
656.3180905567115,10.10.2.6,10009,10.10.1.3,11168,4529850.502607961
656.497666793387,10.10.2.6,10024,10.10.1.10,11098,7122.025132331534
656.7230088322314,10.10.2.6,10124,10.10.1.10,11083,2495.9458706725914
656.7376733824057,10.10.2.6,10155,10.10.1.16,11125,3075.4847375773966
656.8391983453145,10.10.2.6,10017,10.10.1.12,11046,3679.116778688857
657.1039705134757,10.10.2.6,10083,10.10.1.12,11121,35151.13086173919
657.1666590208241,10.10.2.6,10169,10.10.1.15,11106,54718.46505882478
657.3274911194118,10.10.2.6,10171,10.10.1.9,11001,4609.732423696804
657.3732855213456,10.10.2.6,10188,10.10.1.9,11129,21337.787751609478
657.3894906464465,10.10.2.6,10067,10.10.1.1,11168,10608.434546518445
657.4224739706302,10.10.2.6,10036,10.10.1.9,11145,23990.796127856684
657.5360395627869,10.10.2.6,10144,10.10.1.9,11155,6035363.930101198
658.0541905256177,10.10.2.6,10017,10.10.1.9,11184,11820.94546469665
658.0565402956516,10.10.2.6,10057,10.10.1.9,11151,16722.525500703545
658.1624621195075,10.10.2.6,10128,10.10.1.2,11113,38532897.64411738
658.1893577220857,10.10.2.6,10073,10.10.1.11,11135,19866.580959048308
658.223227311066,10.10.2.6,10082,10.10.1.15,11075,909633744.3480113
658.3362491894704,10.10.2.6,10131,10.10.1.15,11058,1940.6715542926136
658.4063677188846,10.10.2.6,10070,10.10.1.3,11001,6243.7398444587525
658.5882487828438,10.10.2.6,10109,10.10.1.14,11022,33922218.018577576
658.7855992781033,10.10.2.6,10030,10.10.1.16,11046,4056660.6863414855
659.0170829188016,10.10.2.6,10016,10.10.1.16,11007,4627.296607316133
659.2001158883703,10.10.2.6,10080,10.10.1.11,11044,2385.9248223135683
659.2612859549532,10.10.2.6,10118,10.10.1.4,11008,212896.55701099138
659.4258808726366,10.10.2.6,10010,10.10.1.15,11004,4175622.8932494097
659.468355702541,10.10.2.6,10183,10.10.1.7,11185,79300.76121308109
659.4977191208866,10.10.2.6,10063,10.10.1.6,11177,94625831.74490713
659.5566556877076,10.10.2.6,10063,10.10.1.11,11063,9491.507407172896
659.6261176735773,10.10.2.6,10174,10.10.1.9,11096,47846.83528990829
659.7985235145587,10.10.2.6,10187,10.10.1.10,11117,42646.1388577574
659.8256433674054,10.10.2.6,10097,10.10.1.13,11160,27592.16760405928
659.8310767738661,10.10.2.6,10184,10.10.1.14,11010,6711.708348034677
659.9836868378299,10.10.2.6,10148,10.10.1.3,11141,34619.795990825005
660.0309962367313,10.10.2.6,10015,10.10.1.4,11161,90872.53117358832
660.0731865562705,10.10.2.6,10148,10.10.1.13,11040,8416.413364131
660.122043527762,10.10.2.6,10089,10.10.1.9,11092,2275.9088378315314
660.3555805733031,10.10.2.6,10158,10.10.1.7,11099,99526.31406353929
660.3951926028965,10.10.2.6,10017,10.10.1.6,11172,2413.2365064892247
660.5507820773751,10.10.2.6,10139,10.10.1.1,11172,4262267.418062294
660.6028658272669,10.10.2.6,10059,10.10.1.15,11031,8719.462811928428
660.6552016462238,10.10.2.6,10164,10.10.1.14,11158,3314.4672586044544
660.7086245013192,10.10.2.6,10063,10.10.1.8,11109,17155.876908014
660.7433566056986,10.10.2.6,10160,10.10.1.1,11104,1795.5093902590477
660.7873046072976,10.10.2.6,10136,10.10.1.11,11080,7268.395135886539
660.898221585491,10.10.2.6,10054,10.10.1.13,11137,28433.454906408362
661.0743384370971,10.10.2.6,10101,10.10.1.5,11153,7070.916591419759
661.2891638087887,10.10.2.6,10012,10.10.1.12,11062,1782110548.7370644
661.4857476475757,10.10.2.6,10166,10.10.1.1,11111,24987.290420604782
661.5480802053095,10.10.2.6,10018,10.10.1.7,11142,9794743926.757826
661.9701646155263,10.10.2.6,10007,10.10.1.1,11170,6700.003798958168
662.0944433137037,10.10.2.6,10077,10.10.1.13,11136,1457719643.2963674
662.1368625734667,10.10.2.6,10015,10.10.1.16,11025,112090906.98804237
662.2389812302889,10.10.2.6,10065,10.10.1.8,11132,2287.1639235214175
662.2565085986698,10.10.2.6,10035,10.10.1.1,11040,239348.7147651965
662.2650879281576,10.10.2.6,10190,10.10.1.8,11117,8872.863666035424
662.2914547924738,10.10.2.6,10064,10.10.1.5,11093,4356.157235659954
662.3345402843476,10.10.2.6,10039,10.10.1.6,11028,7114.429221270905
662.3409210506449,10.10.2.6,10007,10.10.1.1,11117,31458.73525846234
662.4200002091657,10.10.2.6,10003,10.10.1.8,11092,33380.54512457839
662.4529541163088,10.10.2.6,10051,10.10.1.4,11081,56288.47001932416
662.4902334136337,10.10.2.6,10159,10.10.1.16,11180,112973.23511567758
662.497246443235,10.10.2.6,10001,10.10.1.11,11017,34220714.241578184
662.5011231927069,10.10.2.6,10032,10.10.1.2,11171,7086.438339154751
663.0382879298567,10.10.2.6,10091,10.10.1.15,11089,49377.62030090432
663.1682605709201,10.10.2.6,10192,10.10.1.16,11082,40104.26839094439
663.2043398749008,10.10.2.6,10009,10.10.1.4,11160,2215.4819458959373
663.2417243374371,10.10.2.6,10187,10.10.1.12,11078,6901.744534859134
663.4218848957141,10.10.2.6,10056,10.10.1.5,11171,5805590036.246217
663.4657165119947,10.10.2.6,10024,10.10.1.10,11005,2100.847902820112
663.530589477063,10.10.2.6,10031,10.10.1.6,11082,15309.993751743994
663.5673133786769,10.10.2.6,10131,10.10.1.3,11110,15718.709286716368
663.6903964094195,10.10.2.6,10069,10.10.1.9,11095,3952.3518095089835
663.8475988015553,10.10.2.6,10182,10.10.1.3,11033,9642.455193556509
664.1489681643844,10.10.2.6,10012,10.10.1.7,11081,48162868.8467586
664.4822368925433,10.10.2.6,10061,10.10.1.4,11073,116829.62482128108
664.8085542648195,10.10.2.6,10126,10.10.1.5,11111,48917.4297727312
665.152873832454,10.10.2.6,10119,10.10.1.16,11178,62891.70727584795
665.2151164464641,10.10.2.6,10043,10.10.1.3,11043,2297.147953165868
665.2415838902847,10.10.2.6,10115,10.10.1.10,11180,43793.01432630387
665.3873488238551,10.10.2.6,10070,10.10.1.7,11062,7528.857129248674
665.4112559593965,10.10.2.6,10089,10.10.1.6,11011,1657.663989405391
665.5138695178272,10.10.2.6,10014,10.10.1.6,11115,66573.47197019919
665.6429883542861,10.10.2.6,10061,10.10.1.3,11039,3151.556327405257
665.7186898548084,10.10.2.6,10155,10.10.1.1,11116,35576089.3295001
665.8042689553993,10.10.2.6,10192,10.10.1.1,11154,26967.53830060779
665.955782777551,10.10.2.6,10083,10.10.1.15,11131,104661.44664825767
665.9821616016741,10.10.2.6,10123,10.10.1.12,11146,5288712.539272743
666.0132761734654,10.10.2.6,10062,10.10.1.8,11077,31796.540283511724
666.2788469879232,10.10.2.6,10060,10.10.1.2,11090,9679.274854003233
666.3687340189257,10.10.2.6,10140,10.10.1.6,11057,983353662.6710073
666.3769860526279,10.10.2.6,10010,10.10.1.10,11141,48407.60857704605
666.4157783687323,10.10.2.6,10035,10.10.1.2,11039,23133.31500666457
666.5072337314352,10.10.2.6,10131,10.10.1.5,11185,12017.481922751665
666.5224798070388,10.10.2.6,10009,10.10.1.11,11197,18218.05085950951
666.7656225355428,10.10.2.6,10014,10.10.1.3,11044,15674.577236171264
666.7822610190062,10.10.2.6,10190,10.10.1.8,11142,1591.4370425725074
666.8874473999225,10.10.2.6,10046,10.10.1.7,11081,2452.4258265739363
666.9542639353901,10.10.2.6,10044,10.10.1.6,11038,3057.0934950389565
667.1024112928978,10.10.2.6,10017,10.10.1.8,11142,4204890.652315808
667.1343595267878,10.10.2.6,10089,10.10.1.12,11147,2174.309956424508
667.4093311007477,10.10.2.6,10135,10.10.1.2,11180,225061.1244584236
667.4755717532921,10.10.2.6,10039,10.10.1.2,11152,4606.821690432726
667.5182852216642,10.10.2.6,10114,10.10.1.4,11058,10930.5433405179
667.6333697903096,10.10.2.6,10010,10.10.1.11,11183,29999.47053607993
667.8004818372256,10.10.2.6,10019,10.10.1.13,11068,17072.083599338668
667.9962217271168,10.10.2.6,10058,10.10.1.1,11117,1535.1208359328223
668.0661413708101,10.10.2.6,10022,10.10.1.6,11123,1431290797.2874994
668.098530355914,10.10.2.6,10100,10.10.1.5,11040,7396.95762376627
668.1055265638913,10.10.2.6,10010,10.10.1.3,11107,2149.9610761551576
668.1588311255232,10.10.2.6,10093,10.10.1.1,11045,32249.858599813593
668.2920414749932,10.10.2.6,10184,10.10.1.8,11052,2209.8579244235816
668.5014554213202,10.10.2.6,10066,10.10.1.3,11101,3395.512799655015
668.5552462474197,10.10.2.6,10165,10.10.1.14,11053,116996.88905472618
668.6506574791201,10.10.2.6,10039,10.10.1.6,11010,23981.172465626067
668.6545652874823,10.10.2.6,10100,10.10.1.9,11165,5359985.969490473
668.7679237721235,10.10.2.6,10030,10.10.1.9,11178,60564.21225087942
668.8488687761036,10.10.2.6,10056,10.10.1.11,11030,3658.5466805440874
669.06164496334,10.10.2.6,10177,10.10.1.13,11110,52385.04514103131
669.1609726777756,10.10.2.6,10092,10.10.1.5,11170,2054.2581385339217
669.2480125068442,10.10.2.6,10098,10.10.1.15,11198,18370.647462966725
669.306143803868,10.10.2.6,10147,10.10.1.6,11078,1686.8502804678342
669.5384077518044,10.10.2.6,10194,10.10.1.15,11068,49612.28381270415
669.6491266336457,10.10.2.6,10168,10.10.1.4,11079,40310.46079947379
669.8100274261353,10.10.2.6,10013,10.10.1.11,11062,2256.7707618098457
669.8260394650133,10.10.2.6,10123,10.10.1.8,11008,6437.615019402321
669.9005550126315,10.10.2.6,10139,10.10.1.13,11129,10706.605101185498
670.0739649787331,10.10.2.6,10186,10.10.1.12,11118,34470.61393347416
670.0958313802544,10.10.2.6,10195,10.10.1.13,11165,32852517.445136745
670.1133512378988,10.10.2.6,10028,10.10.1.13,11008,2248.5563364043046
670.1599742727199,10.10.2.6,10120,10.10.1.2,11019,7046.479077558128
670.2444768568154,10.10.2.6,10001,10.10.1.11,11050,44729.252062267624
670.2973376450724,10.10.2.6,10036,10.10.1.8,11070,9042.422768023242
670.3076610482012,10.10.2.6,10048,10.10.1.13,11094,5841408.357344917
670.3518684661435,10.10.2.6,10173,10.10.1.5,11172,4197014.058701243
670.415398827623,10.10.2.6,10170,10.10.1.1,11098,9967.71169606788
670.4326202445167,10.10.2.6,10085,10.10.1.4,11115,2789.8401623220702
670.5193540867122,10.10.2.6,10091,10.10.1.3,11083,49181.24458731934
670.5883965033023,10.10.2.6,10112,10.10.1.8,11087,4245.8611348301965
670.6387563975113,10.10.2.6,10012,10.10.1.9,11031,10811.79598190151
670.8356733585938,10.10.2.6,10031,10.10.1.1,11103,5059900.563484642
670.9215589942775,10.10.2.6,10052,10.10.1.5,11133,37020.40660182779
670.964271151428,10.10.2.6,10006,10.10.1.9,11126,3203.5633471601122
671.0056931154144,10.10.2.6,10062,10.10.1.5,11066,9816099.167470671
671.0818546299275,10.10.2.6,10071,10.10.1.15,11166,9503.007532987695
671.1718019689064,10.10.2.6,10003,10.10.1.9,11073,86726.98894389169
671.4297619824496,10.10.2.6,10077,10.10.1.8,11058,3287.1989252782823
671.821543770847,10.10.2.6,10171,10.10.1.6,11167,15516.664141276762
671.912074151969,10.10.2.6,10049,10.10.1.7,11062,2342.727362357317
672.2106418163667,10.10.2.6,10046,10.10.1.12,11196,3377.045193699988
672.2624840477969,10.10.2.6,10046,10.10.1.11,11126,20664.810287507444
672.3888804515636,10.10.2.6,10012,10.10.1.10,11192,10258.665229375174
672.6364076581249,10.10.2.6,10026,10.10.1.2,11170,16145.340807132541
672.6717995327596,10.10.2.6,10028,10.10.1.7,11012,7312.142444454982
672.703845155145,10.10.2.6,10151,10.10.1.1,11137,6701.192580691853
672.7400557762929,10.10.2.6,10059,10.10.1.11,11063,6256.051226460631
672.8232422568412,10.10.2.6,10075,10.10.1.9,11024,4460.358429121963
672.8841643568403,10.10.2.6,10165,10.10.1.9,11163,6627.484788197523
672.9417049293376,10.10.2.6,10044,10.10.1.14,11173,31579.476165667955
673.0065275667712,10.10.2.6,10027,10.10.1.11,11129,104874.26071339413
673.0905785623497,10.10.2.6,10145,10.10.1.9,11097,33114097.42658645
673.4469903556203,10.10.2.6,10156,10.10.1.8,11043,18858.947582973236
673.6914977299485,10.10.2.6,10121,10.10.1.8,11120,4350041.322824321
673.7312838993803,10.10.2.6,10078,10.10.1.16,11048,22410.53920101341
673.819425857856,10.10.2.6,10127,10.10.1.16,11023,3050.5770759807933
673.8945522159704,10.10.2.6,10171,10.10.1.1,11013,6530.718619559584
673.9464283867677,10.10.2.6,10150,10.10.1.5,11068,2350.225689255381
674.048010712146,10.10.2.6,10100,10.10.1.3,11000,20557.7519124038
674.1209888717857,10.10.2.6,10005,10.10.1.2,11124,3470.3036894645606
674.2461142175065,10.10.2.6,10197,10.10.1.8,11112,46915.593025566406
674.3467202716356,10.10.2.6,10143,10.10.1.5,11192,2411.536276644437
674.4248294372492,10.10.2.6,10097,10.10.1.14,11166,12478501544.849533
674.5043677188601,10.10.2.6,10089,10.10.1.15,11075,56551.80371605556
674.5732042218087,10.10.2.6,10023,10.10.1.13,11146,3228.3858739139464
674.590417660687,10.10.2.6,10012,10.10.1.15,11144,35863.19347225781
674.6178346412739,10.10.2.6,10095,10.10.1.4,11147,8695.420487727919
674.6619807598976,10.10.2.6,10163,10.10.1.4,11187,37290.167949394556
674.7409088725641,10.10.2.6,10178,10.10.1.4,11048,5576.736185931406
675.0080457294584,10.10.2.6,10046,10.10.1.7,11043,4491333.174677604
675.0146027481925,10.10.2.6,10031,10.10.1.12,11004,20361.189659924446
675.0789589866104,10.10.2.6,10008,10.10.1.9,11117,1810.4482175793396
675.1362354004154,10.10.2.6,10014,10.10.1.6,11157,4727.443897979792
675.1506408323851,10.10.2.6,10062,10.10.1.4,11154,112958.85036643397
675.174031313437,10.10.2.6,10150,10.10.1.3,11064,6852.716257807114
675.2148407797333,10.10.2.6,10038,10.10.1.12,11127,24057.67072545826
675.4218928760775,10.10.2.6,10168,10.10.1.1,11003,23196.08883539469
675.4322259812518,10.10.2.6,10191,10.10.1.3,11070,1811.3712704760487
675.44374058959,10.10.2.6,10071,10.10.1.7,11120,10571.94765610115
675.4838889696672,10.10.2.6,10041,10.10.1.2,11159,24159.104020682655
675.5599814626075,10.10.2.6,10157,10.10.1.4,11159,2157.7458073060707
675.6278439850561,10.10.2.6,10009,10.10.1.6,11101,2520.806756827153
675.7141109501501,10.10.2.6,10107,10.10.1.16,11024,7211.634406387792
675.7832509198344,10.10.2.6,10050,10.10.1.12,11061,25423.52962105036
676.0501079743868,10.10.2.6,10058,10.10.1.3,11113,4784304.873789357
676.1997715081063,10.10.2.6,10051,10.10.1.10,11111,86892.31737651069
676.3350542881317,10.10.2.6,10152,10.10.1.15,11012,8634.839960974448
676.4368893219784,10.10.2.6,10050,10.10.1.4,11016,8529.375519206116
676.5399349052451,10.10.2.6,10176,10.10.1.9,11102,6931.396987110487
676.7336998799943,10.10.2.6,10041,10.10.1.5,11184,573282.3972963202
676.7412828262084,10.10.2.6,10146,10.10.1.8,11060,39871649.113425605
676.8895128848721,10.10.2.6,10157,10.10.1.1,11085,4718.780628853654
676.9308321394819,10.10.2.6,10078,10.10.1.15,11165,6149.649404313364
676.9504305196083,10.10.2.6,10085,10.10.1.14,11073,3887428.8983087568
677.1088774813389,10.10.2.6,10150,10.10.1.4,11173,3044.8601818156203
677.254706077176,10.10.2.6,10116,10.10.1.10,11119,2690.0626828066966
677.4179754732012,10.10.2.6,10050,10.10.1.14,11167,82057193.94515912
677.50148301171,10.10.2.6,10142,10.10.1.8,11064,44622333.04945027
677.7277260058102,10.10.2.6,10005,10.10.1.9,11057,10220.264638733935
677.7295871308708,10.10.2.6,10118,10.10.1.5,11179,3592.6557424156813
677.7411793585499,10.10.2.6,10183,10.10.1.11,11004,24841.288821860282
677.7610091295005,10.10.2.6,10117,10.10.1.1,11060,9746.264612764471
677.8802092004477,10.10.2.6,10064,10.10.1.14,11065,7999.720457224444
677.977293032649,10.10.2.6,10067,10.10.1.3,11115,5270803.749958985
678.0959538442662,10.10.2.6,10001,10.10.1.10,11160,3278.828102868728
678.13634597178,10.10.2.6,10085,10.10.1.4,11193,552052.9229959546
678.3312140630285,10.10.2.6,10197,10.10.1.10,11013,2052.776242536372
678.3399274917814,10.10.2.6,10190,10.10.1.6,11048,2268.1993718195936
678.3867867081894,10.10.2.6,10165,10.10.1.2,11107,1826.1209064429097
678.4622281865097,10.10.2.6,10128,10.10.1.1,11168,5555266.594873313
678.7081837422829,10.10.2.6,10111,10.10.1.16,11031,41203579.25939556
678.8470998108317,10.10.2.6,10195,10.10.1.5,11182,49113365.17908457
679.0387645902196,10.10.2.6,10173,10.10.1.12,11047,55176.28712799162
679.0616688861498,10.10.2.6,10155,10.10.1.14,11114,2465.1910644119575
679.114244203235,10.10.2.6,10065,10.10.1.8,11156,6146886.384767208
679.1479976219712,10.10.2.6,10193,10.10.1.6,11137,1649.7468836058886
679.2536669763061,10.10.2.6,10097,10.10.1.15,11057,2201.0672194928416
679.4707422148804,10.10.2.6,10003,10.10.1.7,11035,4719.537566801868
679.5151743458533,10.10.2.6,10188,10.10.1.12,11124,4310.288245908968
679.6609902178781,10.10.2.6,10092,10.10.1.6,11067,36607.608064191896
679.7312568135387,10.10.2.6,10067,10.10.1.4,11096,2201.156209876123
679.7739883953105,10.10.2.6,10190,10.10.1.11,11134,157709.9663921126
679.8026123843878,10.10.2.6,10060,10.10.1.11,11134,3445.6193040719695
679.866030234176,10.10.2.6,10177,10.10.1.16,11056,1707.8471619860688
680.0070077130825,10.10.2.6,10077,10.10.1.3,11038,17293.70230914811
680.0514472544455,10.10.2.6,10003,10.10.1.4,11118,4981492.4978265995
680.0768108889209,10.10.2.6,10009,10.10.1.8,11013,16060.325021477867
680.1073636298185,10.10.2.6,10022,10.10.1.5,11140,19813.173083823363
680.1892291659905,10.10.2.6,10034,10.10.1.3,11052,1265262842.181143
680.2125869791959,10.10.2.6,10009,10.10.1.8,11104,1717.4998327146536
680.2587427272483,10.10.2.6,10087,10.10.1.12,11183,2556.9693688100156
680.3348803826448,10.10.2.6,10012,10.10.1.13,11086,4482458.627577818
680.5479313622653,10.10.2.6,10092,10.10.1.1,11099,2596.2932417212846
680.6109719948089,10.10.2.6,10177,10.10.1.10,11108,24205.908705914513
680.714136470885,10.10.2.6,10085,10.10.1.15,11057,10539.13963096788
680.7169126226124,10.10.2.6,10131,10.10.1.1,11177,2198.3856361180033
680.7809373676901,10.10.2.6,10053,10.10.1.4,11050,9936.797375807975
680.792341284303,10.10.2.6,10111,10.10.1.13,11067,98922.69828381058
680.8514040253148,10.10.2.6,10108,10.10.1.6,11183,22873.125976341955
680.8842060571271,10.10.2.6,10140,10.10.1.3,11161,8394.943266455193
680.9297380212183,10.10.2.6,10097,10.10.1.12,11108,33044.22225974955
681.1366160562991,10.10.2.6,10175,10.10.1.15,11111,87066.78109864591
681.3991790897416,10.10.2.6,10126,10.10.1.10,11018,7063.35845775052
681.4113214602544,10.10.2.6,10007,10.10.1.6,11143,2042.9022749860605
681.5616453065269,10.10.2.6,10125,10.10.1.12,11159,3240.7844052389773
681.597958723125,10.10.2.6,10125,10.10.1.1,11029,5562.491095117315
681.6125323435521,10.10.2.6,10110,10.10.1.16,11035,3009.7463486422675
681.6436224372843,10.10.2.6,10134,10.10.1.1,11130,2168.276687933766
681.6523383310472,10.10.2.6,10181,10.10.1.2,11129,31132.325823972158
681.7232250433917,10.10.2.6,10124,10.10.1.2,11040,2165.9726106109815
681.7476115650619,10.10.2.6,10067,10.10.1.7,11161,116310.1890683257
681.7512432095259,10.10.2.6,10075,10.10.1.4,11034,915153882.208592
681.7573091799102,10.10.2.6,10024,10.10.1.10,11196,4772.409351945738
681.7895764489454,10.10.2.6,10157,10.10.1.11,11106,9958.401108612008
681.8916863761084,10.10.2.6,10137,10.10.1.6,11031,6269.503245633517
682.1195379445915,10.10.2.6,10079,10.10.1.1,11031,5324.43450197812
682.1392058644985,10.10.2.6,10047,10.10.1.3,11085,7451.568119477775
682.1872790891938,10.10.2.6,10116,10.10.1.12,11177,2073.3713251426034
682.3344135149614,10.10.2.6,10152,10.10.1.6,11185,1744.5550604960863
682.4022980019927,10.10.2.6,10190,10.10.1.15,11089,21872.602298688547
682.403985921355,10.10.2.6,10076,10.10.1.3,11124,99790509.26725595
682.6173027442053,10.10.2.6,10040,10.10.1.10,11149,1675.5162820142575
682.6651063184291,10.10.2.6,10105,10.10.1.4,11011,1936.9748870752674
682.6845139910283,10.10.2.6,10058,10.10.1.2,11179,2015.0938194958508
682.7456029969402,10.10.2.6,10186,10.10.1.9,11115,3970.771502450677
682.9897226984685,10.10.2.6,10087,10.10.1.1,11037,24707.02429428421
682.9904198108743,10.10.2.6,10072,10.10.1.1,11092,26070.212573408167
683.0753101125185,10.10.2.6,10145,10.10.1.9,11190,2334.029619920311
683.2791361454445,10.10.2.6,10073,10.10.1.9,11096,6416.50831301202
683.4800280686813,10.10.2.6,10106,10.10.1.15,11033,1815.0950967630054
683.5257823379503,10.10.2.6,10081,10.10.1.7,11130,3889912.4030960687
683.6108319487829,10.10.2.6,10010,10.10.1.10,11002,42521.48302162194
683.7789698150448,10.10.2.6,10028,10.10.1.5,11028,41905.32218438852
683.8981598418952,10.10.2.6,10194,10.10.1.8,11074,53537.10345729924
683.9085988300567,10.10.2.6,10034,10.10.1.15,11007,32949.14306620209
683.919253673819,10.10.2.6,10065,10.10.1.5,11106,995053.3229190814
683.9712540410143,10.10.2.6,10000,10.10.1.4,11036,8894.38953036093
684.1461653501459,10.10.2.6,10082,10.10.1.7,11073,1935.034616895291
684.2290371858285,10.10.2.6,10112,10.10.1.4,11133,15887.804505039952
684.2880464425016,10.10.2.6,10158,10.10.1.16,11168,24748.54894592879
684.4193683602751,10.10.2.6,10196,10.10.1.12,11057,24466.97778900861
684.437156387044,10.10.2.6,10041,10.10.1.7,11036,1558.080520600237
684.6155921268736,10.10.2.6,10042,10.10.1.12,11052,20095.912613315748
684.7355808395512,10.10.2.6,10063,10.10.1.15,11085,1726.815546170743
684.8487861339493,10.10.2.6,10163,10.10.1.5,11184,40095.42565719138
684.8577241372545,10.10.2.6,10084,10.10.1.2,11159,32175.207765541018
685.0081788019997,10.10.2.6,10151,10.10.1.5,11186,3322.33872085887
685.1155705771654,10.10.2.6,10007,10.10.1.12,11020,3246.3268184696126
685.1264518356276,10.10.2.6,10043,10.10.1.6,11055,48614.84394859789
685.1815747479296,10.10.2.6,10167,10.10.1.9,11187,35413.001920607756
685.3678241984122,10.10.2.6,10136,10.10.1.16,11076,9603.478245839193
685.3870324737967,10.10.2.6,10095,10.10.1.14,11008,3864679.238527199
685.4013250076861,10.10.2.6,10163,10.10.1.6,11124,4895.143678468715
685.981521657507,10.10.2.6,10070,10.10.1.9,11181,8395.12373564261
685.9861496938524,10.10.2.6,10011,10.10.1.1,11164,6171435.791984577
686.1099786877871,10.10.2.6,10089,10.10.1.3,11091,5469.308688653238
686.1292616639239,10.10.2.6,10010,10.10.1.3,11132,38268.654451732225
686.1513365662489,10.10.2.6,10090,10.10.1.15,11192,47019.78507562914
686.2279849761204,10.10.2.6,10121,10.10.1.6,11049,31153.094898234336
686.2960499743775,10.10.2.6,10037,10.10.1.4,11142,38635700.15942251
686.3147803107838,10.10.2.6,10164,10.10.1.1,11129,2315.8981178195427
686.4794128553264,10.10.2.6,10103,10.10.1.7,11176,5664622.360644057
686.8213329763041,10.10.2.6,10132,10.10.1.8,11117,1129588502.7949183
687.0119484419994,10.10.2.6,10069,10.10.1.15,11077,1746.8394912456856
687.1407425712281,10.10.2.6,10065,10.10.1.13,11009,2228.3919150614297
687.322855550097,10.10.2.6,10060,10.10.1.11,11171,2468.29793104165
687.3566416640026,10.10.2.6,10041,10.10.1.10,11071,17094.569356821954
687.4632290298478,10.10.2.6,10088,10.10.1.13,11106,7385.672128854455
687.7300353910825,10.10.2.6,10010,10.10.1.3,11168,3292.134583022765
687.8377788338099,10.10.2.6,10056,10.10.1.11,11077,6087.334993863591
687.8660062351566,10.10.2.6,10005,10.10.1.6,11168,101909.33931043372
688.1869882837431,10.10.2.6,10018,10.10.1.8,11046,24799.821660063495
688.4675033881215,10.10.2.6,10137,10.10.1.1,11187,9541.509242984004
688.5095309492621,10.10.2.6,10136,10.10.1.11,11038,558279.5519517146
688.7470218253742,10.10.2.6,10110,10.10.1.14,11185,906779040.4126453
688.8006852089608,10.10.2.6,10128,10.10.1.3,11035,32259310.449739728
688.8375795495059,10.10.2.6,10039,10.10.1.6,11165,1761.7939405181348
689.0140657990002,10.10.2.6,10038,10.10.1.8,11038,35354.04215889553
689.2243602612754,10.10.2.6,10041,10.10.1.14,11031,21437.579372496722
689.2889327816134,10.10.2.6,10195,10.10.1.5,11154,46036329.454684645
689.6231821357742,10.10.2.6,10156,10.10.1.10,11163,44541691.923060834
689.6430185262163,10.10.2.6,10110,10.10.1.12,11174,1716.5368048763742
689.7097611444536,10.10.2.6,10123,10.10.1.12,11037,209730.5357893188
689.7287939105837,10.10.2.6,10101,10.10.1.9,11125,46701072.632262506
689.7906046591694,10.10.2.6,10033,10.10.1.13,11172,5203.562346782935
689.7966695801023,10.10.2.6,10077,10.10.1.8,11197,2931.6148376926913
690.0945146717445,10.10.2.6,10162,10.10.1.3,11178,190639.22202201074
690.1869400177183,10.10.2.6,10126,10.10.1.1,11175,930934.4042704302
690.417650019347,10.10.2.6,10038,10.10.1.7,11192,44894115.93323512
690.4502251525207,10.10.2.6,10184,10.10.1.12,11108,41450015.2529314
690.6348363985244,10.10.2.6,10069,10.10.1.9,11136,19096.54174231131
690.6971363651998,10.10.2.6,10063,10.10.1.12,11019,12217.25252142672
690.7306680889715,10.10.2.6,10091,10.10.1.3,11095,3406.3863172765414
690.7315105299563,10.10.2.6,10020,10.10.1.13,11096,19078.547387455743
690.7498868514818,10.10.2.6,10090,10.10.1.10,11022,3642.7825019873817
690.8485263509048,10.10.2.6,10010,10.10.1.10,11089,24025.05752638967
690.9814013582867,10.10.2.6,10011,10.10.1.1,11026,24248.601579928294
690.9923987921476,10.10.2.6,10104,10.10.1.16,11087,1670.7327516416285
691.0080224909386,10.10.2.6,10093,10.10.1.11,11101,17291.920840877658
691.0401487415959,10.10.2.6,10010,10.10.1.2,11086,43540.05883644414
691.3309698635036,10.10.2.6,10177,10.10.1.11,11114,4391.921710521398
691.4126293713634,10.10.2.6,10166,10.10.1.1,11080,35439516.74449717
691.6009853305235,10.10.2.6,10091,10.10.1.3,11194,5743.805708667104
691.6914386820611,10.10.2.6,10046,10.10.1.15,11043,5326.084952593236
691.9374613360977,10.10.2.6,10125,10.10.1.4,11073,580584.3753128632
692.0085862113426,10.10.2.6,10146,10.10.1.14,11123,5317.821473891843
692.2233280566501,10.10.2.6,10013,10.10.1.11,11194,4835679.084524831
692.2382259460937,10.10.2.6,10181,10.10.1.7,11051,3368.6320065520026
692.2671580610915,10.10.2.6,10175,10.10.1.15,11000,33973.15805450767
692.5182764328473,10.10.2.6,10088,10.10.1.1,11158,23419.369309881185
692.5430283916628,10.10.2.6,10020,10.10.1.10,11163,6206.4997949258695
692.7179285988758,10.10.2.6,10149,10.10.1.3,11010,42178.137850339415
692.7799045866124,10.10.2.6,10004,10.10.1.2,11105,1768.2901488150014
692.843091244468,10.10.2.6,10164,10.10.1.16,11119,5879.466800170983
692.9336648337193,10.10.2.6,10098,10.10.1.13,11081,6668.165881179072
692.9498690674924,10.10.2.6,10060,10.10.1.16,11024,10887.745804877008
693.2122143710542,10.10.2.6,10008,10.10.1.13,11132,22834.046626822368
693.2848875257534,10.10.2.6,10003,10.10.1.6,11143,29061.94143532503
693.2897796318194,10.10.2.6,10160,10.10.1.5,11057,67637560.02502725
693.3408863509079,10.10.2.6,10165,10.10.1.8,11143,23939.317828903728
693.3765471579967,10.10.2.6,10143,10.10.1.9,11190,52248.33899280612
693.4413368645282,10.10.2.6,10020,10.10.1.11,11052,34867.300933557264
693.4759202191779,10.10.2.6,10102,10.10.1.11,11121,9252.04352225531
693.5483625662216,10.10.2.6,10082,10.10.1.1,11033,5557.4730741243475
693.5934080070459,10.10.2.6,10121,10.10.1.12,11049,9341.92343341961
693.6379760639974,10.10.2.6,10039,10.10.1.7,11038,82295.41030468726
693.7007288499317,10.10.2.6,10161,10.10.1.10,11127,24589.791533521733
693.8251459815857,10.10.2.6,10079,10.10.1.6,11080,20075.798818147894
693.9019283270361,10.10.2.6,10110,10.10.1.11,11064,1737.6766761252034
693.9103505193,10.10.2.6,10191,10.10.1.15,11010,3433.7821770992236
693.9651516090765,10.10.2.6,10154,10.10.1.13,11045,102074.76187051985
694.0165226470523,10.10.2.6,10130,10.10.1.11,11191,10519.87902383664
694.0358985173912,10.10.2.6,10104,10.10.1.7,11172,4751.264529455276
694.0646231325323,10.10.2.6,10190,10.10.1.15,11042,45478.7518684849
694.1590226957726,10.10.2.6,10024,10.10.1.9,11072,2852.7228037226914
694.245268448465,10.10.2.6,10170,10.10.1.16,11026,3711.168040611478
694.3684000902936,10.10.2.6,10167,10.10.1.9,11144,82514.16219385315
694.4375002102423,10.10.2.6,10141,10.10.1.15,11172,9037.843476672797
694.4561729466304,10.10.2.6,10073,10.10.1.15,11182,8456.933077987198
694.5125811123328,10.10.2.6,10071,10.10.1.4,11033,42556590.05892721
694.5618110486066,10.10.2.6,10106,10.10.1.10,11115,11348.138992977894
694.9215615564759,10.10.2.6,10103,10.10.1.15,11196,31926.39762816971
694.9277807805385,10.10.2.6,10124,10.10.1.11,11003,569972.2919713879
695.0017205322489,10.10.2.6,10177,10.10.1.5,11167,2967.403170316
695.1485285037097,10.10.2.6,10180,10.10.1.5,11029,2149.9224806008556
695.222613758146,10.10.2.6,10174,10.10.1.10,11130,11159.27117820384
695.3288769677524,10.10.2.6,10058,10.10.1.16,11171,40331.59227052204
695.3353169901277,10.10.2.6,10067,10.10.1.14,11023,27665.872139233034
695.3671621233569,10.10.2.6,10140,10.10.1.4,11177,38764.962314474804
695.4118249647062,10.10.2.6,10157,10.10.1.12,11197,23246.071546037758
695.4997344492937,10.10.2.6,10044,10.10.1.6,11135,2048.3366467805645
695.66469031119,10.10.2.6,10159,10.10.1.7,11069,43191.943047936446
695.6838807927593,10.10.2.6,10178,10.10.1.3,11098,3178.422978537392
695.6934232696913,10.10.2.6,10140,10.10.1.12,11198,4790007686.00753
695.7107489461314,10.10.2.6,10086,10.10.1.14,11060,4035567117.8435225
696.0977119851907,10.10.2.6,10040,10.10.1.9,11080,7594.060671323856
696.1657871032544,10.10.2.6,10000,10.10.1.14,11103,2637.435343815477
696.205419579294,10.10.2.6,10066,10.10.1.14,11055,2884.226325043164
696.2122965240961,10.10.2.6,10063,10.10.1.10,11152,5316436.654141536
696.2176928009036,10.10.2.6,10026,10.10.1.7,11002,7486.663344112769
696.3540942261671,10.10.2.6,10172,10.10.1.13,11016,5735.1393643901965
696.422008962096,10.10.2.6,10072,10.10.1.5,11178,7640.465352391573
696.6705733358499,10.10.2.6,10149,10.10.1.1,11021,42897.36158086174
696.7818099785493,10.10.2.6,10197,10.10.1.14,11093,3954.8759638289835
696.8298095532591,10.10.2.6,10058,10.10.1.2,11156,43369.633939738145
696.9309961204242,10.10.2.6,10064,10.10.1.4,11103,4188267.2931254804
696.940446327138,10.10.2.6,10192,10.10.1.2,11147,39706.43250913211
697.0671262311153,10.10.2.6,10137,10.10.1.3,11053,23463.067845066584
697.1296840919376,10.10.2.6,10163,10.10.1.5,11109,11053.674171238417
697.1399673782392,10.10.2.6,10056,10.10.1.8,11105,18019.36568976196
697.1832717671791,10.10.2.6,10022,10.10.1.13,11175,4942032.686794181
697.2114209774078,10.10.2.6,10071,10.10.1.8,11014,3227.2373852129003
697.3512335178358,10.10.2.6,10053,10.10.1.10,11064,414025.86486561445
697.4141638150571,10.10.2.6,10077,10.10.1.14,11140,8027113.061309984
697.6390029089715,10.10.2.6,10126,10.10.1.15,11045,3312.286336333727
697.6591207032902,10.10.2.6,10053,10.10.1.6,11145,50767.9159128144
697.7502590143883,10.10.2.6,10086,10.10.1.7,11124,149211137.9213589
697.7764143529624,10.10.2.6,10182,10.10.1.1,11064,4384.920348075515
697.8162347176811,10.10.2.6,10182,10.10.1.15,11037,2450.0626623992503
697.961815271105,10.10.2.6,10155,10.10.1.12,11086,7492.960694598403
698.0251005316421,10.10.2.6,10026,10.10.1.8,11169,119994020.91429786
698.0424848165146,10.10.2.6,10121,10.10.1.5,11112,9180.344504064116
698.1067119734728,10.10.2.6,10127,10.10.1.5,11101,70081105.39397632
698.193685657387,10.10.2.6,10128,10.10.1.12,11070,10914.192453637583
698.2012006583324,10.10.2.6,10196,10.10.1.6,11111,31874002.990775086
698.2535389364334,10.10.2.6,10178,10.10.1.15,11098,4553.375745932696
698.2837799582015,10.10.2.6,10175,10.10.1.12,11164,16218.65022432774
698.2944729693434,10.10.2.6,10197,10.10.1.13,11191,5325948.325949779
698.3576075434547,10.10.2.6,10040,10.10.1.4,11120,5284996.399395647
698.4594670731902,10.10.2.6,10080,10.10.1.14,11111,22039.965749479492
698.478635537279,10.10.2.6,10092,10.10.1.10,11040,3433.6621856988922
698.6317177769846,10.10.2.6,10060,10.10.1.12,11065,1672.098433357233
698.6390470244671,10.10.2.6,10103,10.10.1.7,11098,1687.3817386938008
698.6759533058977,10.10.2.6,10027,10.10.1.13,11062,36060.07612152932
698.7025188908661,10.10.2.6,10097,10.10.1.3,11179,4590.060506127848
698.7787641502409,10.10.2.6,10017,10.10.1.8,11105,18735.341618978247
698.8359464955104,10.10.2.6,10078,10.10.1.6,11149,4701.656015539552
698.8603598474452,10.10.2.6,10167,10.10.1.4,11009,2406.348599867892
698.9319241408244,10.10.2.6,10040,10.10.1.14,11083,7270.001977357472
698.9938877983068,10.10.2.6,10076,10.10.1.4,11012,2309.6121626865565
699.0994710692028,10.10.2.6,10033,10.10.1.2,11167,38578.628741381086
699.1301972534851,10.10.2.6,10128,10.10.1.7,11056,6897.680794785906
699.1532225367018,10.10.2.6,10020,10.10.1.14,11186,34262.0615832198
699.1805233477335,10.10.2.6,10120,10.10.1.11,11175,7699.6153683050015
699.2655250702475,10.10.2.6,10043,10.10.1.14,11091,2148.8888230050934
699.5202469126117,10.10.2.6,10054,10.10.1.6,11109,4280859.866154031
699.6892906168302,10.10.2.6,10088,10.10.1.16,11034,34076.28176357953
699.7558498362752,10.10.2.6,10144,10.10.1.13,11031,17941.77120017439
699.9222188745995,10.10.2.6,10156,10.10.1.13,11103,115899.09328568373
700.0376782626316,10.10.2.6,10052,10.10.1.2,11035,42250.59916009142
700.2315578278964,10.10.2.6,10126,10.10.1.2,11010,18817.220141231064
700.3903215984714,10.10.2.6,10101,10.10.1.12,11099,19226.60537715137
700.4457215201248,10.10.2.6,10003,10.10.1.14,11151,7516.882385474141
700.6186323902942,10.10.2.6,10038,10.10.1.4,11093,3001.162695128038
700.6944033462212,10.10.2.6,10005,10.10.1.10,11158,1848.3541208936329
700.7259536179481,10.10.2.6,10065,10.10.1.11,11036,9648.374911745059
700.7312956932531,10.10.2.6,10167,10.10.1.8,11172,6229533.589223295
700.7675068712003,10.10.2.6,10125,10.10.1.8,11140,20289.351538867257
700.8469244144978,10.10.2.6,10018,10.10.1.4,11104,15260.587695784789
700.8710912583294,10.10.2.6,10013,10.10.1.3,11154,3422.8385625618444
700.9423208674801,10.10.2.6,10178,10.10.1.8,11170,5385945.064725837
701.0739031840534,10.10.2.6,10166,10.10.1.16,11188,51207.58757514563
701.1491167916937,10.10.2.6,10071,10.10.1.16,11144,4895294.391255463
701.25545964055,10.10.2.6,10153,10.10.1.14,11112,1735.603627151147
701.3438931532911,10.10.2.6,10123,10.10.1.13,11002,37235.586592012754
701.4133695378779,10.10.2.6,10044,10.10.1.8,11177,2374.72693961303
701.5500408169345,10.10.2.6,10015,10.10.1.3,11057,24724.830583161915
701.6592639232263,10.10.2.6,10122,10.10.1.7,11035,30673262.74712599
701.7451477126818,10.10.2.6,10108,10.10.1.1,11178,31027.934900801753
701.809344192487,10.10.2.6,10101,10.10.1.10,11145,118786.6418109461
701.8858066640563,10.10.2.6,10005,10.10.1.11,11152,554922.3774864109
701.9188814426606,10.10.2.6,10008,10.10.1.11,11104,2431.347196220442
701.9326063347237,10.10.2.6,10095,10.10.1.15,11081,6469.425557328007
702.04122571892,10.10.2.6,10097,10.10.1.16,11030,505954.4447672535
702.1245437586549,10.10.2.6,10032,10.10.1.4,11070,191196.66042064133
702.1960181518075,10.10.2.6,10009,10.10.1.9,11179,9937.076652879923
702.3516262694826,10.10.2.6,10140,10.10.1.15,11104,28358.069173284315
702.4055771326285,10.10.2.6,10193,10.10.1.16,11117,3860.8033523534823
702.4089547462639,10.10.2.6,10179,10.10.1.7,11132,2369.295631758315
702.4832381618884,10.10.2.6,10022,10.10.1.10,11132,3883299.43687213
702.5194932860716,10.10.2.6,10159,10.10.1.2,11166,5296271.371257932
702.5416258698849,10.10.2.6,10089,10.10.1.2,11137,4534920.9779439075
702.7582201127809,10.10.2.6,10112,10.10.1.13,11029,49243.05643838172
702.8279920925827,10.10.2.6,10051,10.10.1.10,11166,18718.79748507528
702.8447430316961,10.10.2.6,10002,10.10.1.7,11025,15923.245858793554
702.9067609681391,10.10.2.6,10163,10.10.1.8,11089,114240.98981119372
702.9765759052684,10.10.2.6,10124,10.10.1.1,11159,3572.8491034859658
703.01911323566,10.10.2.6,10148,10.10.1.3,11006,3450.5942883120574
703.0225745423327,10.10.2.6,10198,10.10.1.3,11149,1695.7238630029024
703.1219600909518,10.10.2.6,10197,10.10.1.2,11103,24897.702719548415
703.1298554537698,10.10.2.6,10019,10.10.1.12,11092,81579.01483480631
703.2164997603245,10.10.2.6,10036,10.10.1.7,11123,47507188.18945289
703.3021734101442,10.10.2.6,10074,10.10.1.6,11016,37300.31540049086
703.369677496631,10.10.2.6,10096,10.10.1.6,11178,8209.473366332626
703.3860250671966,10.10.2.6,10048,10.10.1.4,11015,2379.880494683906
703.4062985795952,10.10.2.6,10041,10.10.1.4,11100,9411.973614531786
703.4111233901165,10.10.2.6,10157,10.10.1.14,11141,8692.972158728118
703.6033544055509,10.10.2.6,10010,10.10.1.12,11084,27517.383251945346
703.6641283556058,10.10.2.6,10049,10.10.1.7,11099,3543.9068891682573
703.6863113117142,10.10.2.6,10132,10.10.1.8,11095,38872329.807778165
703.6864935070015,10.10.2.6,10169,10.10.1.8,11030,3207.597432745988
703.701159611009,10.10.2.6,10031,10.10.1.9,11009,48225.81195740069
703.779490924392,10.10.2.6,10152,10.10.1.2,11169,3769734.0824221936
703.8064296300462,10.10.2.6,10025,10.10.1.15,11124,2158.005043600318
703.8626054878223,10.10.2.6,10090,10.10.1.10,11009,101314.60457418746
703.8669105595188,10.10.2.6,10105,10.10.1.10,11059,30598.709974449725
703.874337396421,10.10.2.6,10116,10.10.1.7,11060,7746.2090142828865
703.9945049701126,10.10.2.6,10124,10.10.1.7,11007,43133.342916956426
704.0222477493102,10.10.2.6,10125,10.10.1.13,11156,9440.711008241475
704.0870264004687,10.10.2.6,10122,10.10.1.14,11151,5758.132356459112
704.1927352682861,10.10.2.6,10170,10.10.1.12,11073,19464.674146635894
704.2275587495337,10.10.2.6,10058,10.10.1.4,11025,28057.05168182436
704.2818752071157,10.10.2.6,10097,10.10.1.9,11008,20436.89767335226
704.4274614665359,10.10.2.6,10120,10.10.1.14,11185,930823720.7287549
704.5071032532459,10.10.2.6,10087,10.10.1.2,11143,7781.330430521956
704.5611610209388,10.10.2.6,10157,10.10.1.7,11196,7562.278524867943
704.6178234871029,10.10.2.6,10134,10.10.1.9,11135,2340.5375294532287
704.6210765151147,10.10.2.6,10020,10.10.1.1,11178,1862.3154072373143
704.7084185707139,10.10.2.6,10010,10.10.1.2,11149,2024.9542715860184
704.8349266278867,10.10.2.6,10017,10.10.1.3,11099,29469.82674508715
704.9818494030895,10.10.2.6,10105,10.10.1.1,11079,8910207.12213002
704.9935328489204,10.10.2.6,10032,10.10.1.14,11157,24783.310990788257
705.0410043147949,10.10.2.6,10024,10.10.1.5,11035,23372.667771096676
705.2638950611696,10.10.2.6,10097,10.10.1.6,11193,33651.563837792215
705.3270038249291,10.10.2.6,10096,10.10.1.6,11041,5166759.794359497
705.6193838385302,10.10.2.6,10186,10.10.1.2,11038,48249.634518194965
705.8089032595965,10.10.2.6,10129,10.10.1.2,11144,2784.716259585208
705.8297474445747,10.10.2.6,10012,10.10.1.3,11048,47050.103925505115
706.0962432840547,10.10.2.6,10026,10.10.1.5,11134,26272.0371584343
706.2087204778758,10.10.2.6,10195,10.10.1.3,11074,19486.640154113615
706.3789272198361,10.10.2.6,10016,10.10.1.7,11066,178202.42889359078
706.5625389113524,10.10.2.6,10181,10.10.1.2,11165,86895.41300743727
706.6796129142527,10.10.2.6,10197,10.10.1.6,11110,244803.85928742788
706.6936738801055,10.10.2.6,10143,10.10.1.2,11182,17127.2236874449
706.77861843921,10.10.2.6,10034,10.10.1.3,11117,10456.727337480084
706.7827144276084,10.10.2.6,10150,10.10.1.12,11131,2060.079047398646
706.8198498799188,10.10.2.6,10126,10.10.1.10,11061,4985449.735373905
706.9914308028499,10.10.2.6,10194,10.10.1.1,11117,67353535.55857448
707.0654282164801,10.10.2.6,10192,10.10.1.10,11169,16281.35057364164
707.198804794451,10.10.2.6,10190,10.10.1.10,11169,25697.063306922697
707.2262147590869,10.10.2.6,10049,10.10.1.8,11038,3717.946916223157
707.3396711378608,10.10.2.6,10028,10.10.1.3,11156,190969.46432377372
707.4319646667925,10.10.2.6,10169,10.10.1.15,11141,33290.96779772593
707.4576805556435,10.10.2.6,10103,10.10.1.2,11137,48251.53873662303
707.6076409327375,10.10.2.6,10105,10.10.1.2,11111,2598.9480636266553
707.610671643644,10.10.2.6,10168,10.10.1.12,11038,18573.163107332133
707.6526549818616,10.10.2.6,10194,10.10.1.3,11054,1793.152341379164
707.7540487443155,10.10.2.6,10088,10.10.1.5,11091,52091.19197956524
707.7832490857335,10.10.2.6,10010,10.10.1.16,11144,31876.744930383196
707.7927224957504,10.10.2.6,10109,10.10.1.4,11027,89059.45524333838
707.9663820606612,10.10.2.6,10100,10.10.1.5,11062,6181078.257263677
707.9728291535115,10.10.2.6,10114,10.10.1.7,11153,15907.204782227394
708.1130819645105,10.10.2.6,10141,10.10.1.1,11136,2105.4075482426824
708.1522526019846,10.10.2.6,10047,10.10.1.12,11074,23501.209299728223
708.1562036583337,10.10.2.6,10106,10.10.1.5,11004,23861.051350757414
708.3918274164281,10.10.2.6,10085,10.10.1.5,11030,12062.826107671612
708.4565809083729,10.10.2.6,10196,10.10.1.5,11012,8941.354531319614
708.4699454815751,10.10.2.6,10181,10.10.1.8,11093,1952.1533249206955
708.4991935001398,10.10.2.6,10145,10.10.1.1,11123,32620.93370635603
708.5326743767575,10.10.2.6,10099,10.10.1.14,11004,7654578.673604889
708.5679124066278,10.10.2.6,10176,10.10.1.12,11138,5795.795261169966
708.6007545942283,10.10.2.6,10089,10.10.1.7,11033,47611628.55040192
708.8309758568302,10.10.2.6,10021,10.10.1.14,11185,5358648.49898583
708.8418841437541,10.10.2.6,10007,10.10.1.10,11030,31177.8966520327
708.8690134412108,10.10.2.6,10188,10.10.1.12,11137,33127246.454457972
708.9102246652029,10.10.2.6,10005,10.10.1.7,11022,83212.79501514776
708.9892467301025,10.10.2.6,10065,10.10.1.10,11081,37013.76834152832
709.0076856266543,10.10.2.6,10189,10.10.1.5,11154,1297774523.2717714
709.0369265125247,10.10.2.6,10185,10.10.1.7,11012,108466.10651188389
709.0534576636664,10.10.2.6,10026,10.10.1.7,11101,611080.6988025665
709.0784255277237,10.10.2.6,10065,10.10.1.10,11073,8694.501873696046
709.1469807203445,10.10.2.6,10186,10.10.1.13,11057,1255948131.041338
709.1575126802602,10.10.2.6,10046,10.10.1.2,11010,3844358.056812731
709.390242788566,10.10.2.6,10118,10.10.1.7,11027,144827704.35900444
709.7296321626415,10.10.2.6,10019,10.10.1.9,11190,2167.034835350102
709.7553934610712,10.10.2.6,10071,10.10.1.8,11000,33700.23211913631
709.8254833739667,10.10.2.6,10106,10.10.1.5,11146,6875.689208724086
709.8866219930447,10.10.2.6,10016,10.10.1.13,11105,20849.05427333037
710.0157111439164,10.10.2.6,10127,10.10.1.1,11086,4823.553310665622
710.1549219179396,10.10.2.6,10038,10.10.1.16,11075,21441.543765363658
710.2360197553893,10.10.2.6,10113,10.10.1.10,11033,1605.4653212823544
710.5116650729967,10.10.2.6,10034,10.10.1.12,11016,3336.0489452755314
710.5538951355512,10.10.2.6,10093,10.10.1.13,11064,1845.8880972463849
710.656981540395,10.10.2.6,10137,10.10.1.13,11041,31358.17075623685
710.6675166385559,10.10.2.6,10180,10.10.1.13,11136,10019.76574476727
710.7420104620651,10.10.2.6,10171,10.10.1.6,11035,31644376.60014605
710.758835284273,10.10.2.6,10053,10.10.1.15,11055,1881.9880417063987
710.899465673464,10.10.2.6,10181,10.10.1.13,11100,29624.93626920556
711.0651161282459,10.10.2.6,10061,10.10.1.3,11071,40156.200837822005
711.0841040063792,10.10.2.6,10027,10.10.1.13,11034,98515838.19504209
711.1166209643754,10.10.2.6,10178,10.10.1.1,11047,35415.1920944864
711.1464944681998,10.10.2.6,10014,10.10.1.9,11119,1768.8665199648149
711.2979978667024,10.10.2.6,10090,10.10.1.9,11128,4760.647783560555
711.3083481647697,10.10.2.6,10037,10.10.1.5,11050,46129.293576599215
711.4025654099308,10.10.2.6,10137,10.10.1.9,11196,18930.561953600994
711.4805937955038,10.10.2.6,10105,10.10.1.16,11179,84454.02224556069
711.5116165997371,10.10.2.6,10003,10.10.1.11,11061,21433.883430221093
712.0441193196227,10.10.2.6,10049,10.10.1.7,11018,2642.7874347830007
712.1250999734922,10.10.2.6,10016,10.10.1.3,11019,18493.09864437141
712.1395584712496,10.10.2.6,10125,10.10.1.9,11168,9598.450758130013
712.2688244707966,10.10.2.6,10075,10.10.1.8,11057,23685.03736345377
712.4368487688379,10.10.2.6,10065,10.10.1.15,11025,6608.051735331547
712.4483971077113,10.10.2.6,10167,10.10.1.5,11077,102516.2503357917
712.484095760303,10.10.2.6,10155,10.10.1.6,11033,32362246.48746641
712.5359504593204,10.10.2.6,10007,10.10.1.2,11083,52336.65468378323
712.5450380767845,10.10.2.6,10161,10.10.1.6,11140,15727.002809717282
712.570985656369,10.10.2.6,10010,10.10.1.8,11080,19813.718324532492
712.6288078820322,10.10.2.6,10181,10.10.1.3,11051,7657.906287244886
712.8411270612174,10.10.2.6,10026,10.10.1.11,11048,46813.12831576138
712.8471340564331,10.10.2.6,10105,10.10.1.8,11104,45740.7382105558
712.979421549383,10.10.2.6,10173,10.10.1.7,11126,6387.505063002031
713.0410348896993,10.10.2.6,10100,10.10.1.8,11070,9351.957259510295
713.07387018959,10.10.2.6,10123,10.10.1.12,11143,18377.70768905631
713.0876334966582,10.10.2.6,10037,10.10.1.1,11138,22964.874843261336
713.1089040039002,10.10.2.6,10191,10.10.1.12,11086,4130.773298141421
713.1428501675937,10.10.2.6,10166,10.10.1.14,11145,1935.996882575024
713.1861631108942,10.10.2.6,10128,10.10.1.3,11055,1682.1768055497655
713.2132299842642,10.10.2.6,10095,10.10.1.10,11064,985499353.201563
713.2611844977424,10.10.2.6,10029,10.10.1.4,11029,6322.796688807849
713.4510205924006,10.10.2.6,10161,10.10.1.12,11102,2259.741354575239
713.5421512126246,10.10.2.6,10113,10.10.1.8,11037,2196.880971644236
713.5515694685432,10.10.2.6,10090,10.10.1.12,11069,7036.3927959783805
713.5874848681035,10.10.2.6,10196,10.10.1.5,11015,6146001.919912045
713.6009593280721,10.10.2.6,10053,10.10.1.9,11034,2986.3368817418745
713.6052469836304,10.10.2.6,10058,10.10.1.4,11091,3021.388793483157
713.6077859042769,10.10.2.6,10133,10.10.1.2,11083,48099.49843426259
713.6674017750511,10.10.2.6,10157,10.10.1.16,11095,2221.986558903965
713.7367031242218,10.10.2.6,10119,10.10.1.4,11162,23193.589671572598
713.7518780711234,10.10.2.6,10107,10.10.1.10,11053,26544.980473885316
713.7826331603114,10.10.2.6,10107,10.10.1.14,11012,36046.12188692872
713.8278550233644,10.10.2.6,10060,10.10.1.2,11166,24905.098471865367
713.8548237699043,10.10.2.6,10074,10.10.1.10,11009,3203.2841523360134
713.8865575295558,10.10.2.6,10154,10.10.1.4,11074,4785608.102328237
713.9110402222551,10.10.2.6,10041,10.10.1.7,11173,15972.691620925209
714.0692475859112,10.10.2.6,10052,10.10.1.7,11024,4078.3431390332435
714.167321967377,10.10.2.6,10187,10.10.1.2,11195,4062.5791044105968
714.2083134172956,10.10.2.6,10078,10.10.1.10,11121,5775.586339726702
714.2100100527435,10.10.2.6,10025,10.10.1.5,11065,21508.484564102466
714.3512021964059,10.10.2.6,10086,10.10.1.11,11088,7407.199018576311
714.5290513888856,10.10.2.6,10177,10.10.1.15,11157,15004.164993214315
714.5611303799942,10.10.2.6,10153,10.10.1.7,11125,4565.431679572929
714.5715057003771,10.10.2.6,10127,10.10.1.10,11158,3734.1621404496823
714.6104425268785,10.10.2.6,10164,10.10.1.15,11008,2383.0137672510755
714.6351722635914,10.10.2.6,10162,10.10.1.16,11040,1739064959.6531398
714.6477124334663,10.10.2.6,10073,10.10.1.7,11024,59977.17537761731
714.7819927429069,10.10.2.6,10114,10.10.1.6,11173,189519.31812174016
714.9901905875892,10.10.2.6,10181,10.10.1.2,11168,5697423.217615334
715.0767763186474,10.10.2.6,10157,10.10.1.7,11100,32299.127334062712
715.4530018173703,10.10.2.6,10030,10.10.1.11,11186,46828838.93350343
715.6490870539178,10.10.2.6,10008,10.10.1.16,11164,38484.15248744853
715.7161704721547,10.10.2.6,10019,10.10.1.1,11113,4656053.496964486
715.7409909912907,10.10.2.6,10026,10.10.1.6,11061,4963280.146343579
715.7532846701033,10.10.2.6,10194,10.10.1.15,11018,31849269.194833055
715.8227611765801,10.10.2.6,10152,10.10.1.6,11044,50396.90036665527
715.9669573650319,10.10.2.6,10197,10.10.1.7,11071,8086.35316999908
715.9672576118746,10.10.2.6,10084,10.10.1.4,11114,8467.474161602495
716.0682711140573,10.10.2.6,10150,10.10.1.15,11190,5758.730094126604
716.0850502595711,10.10.2.6,10198,10.10.1.11,11068,4961.688316548521
716.1425041178466,10.10.2.6,10189,10.10.1.11,11164,2279.2406725243554
716.2404949079114,10.10.2.6,10031,10.10.1.3,11150,4320.719957627766
716.2739888353977,10.10.2.6,10098,10.10.1.13,11039,18652.48532227661
716.3124366647338,10.10.2.6,10112,10.10.1.8,11012,41143.57487586032
716.316988647124,10.10.2.6,10178,10.10.1.9,11150,2374.222207436532
716.3777045110226,10.10.2.6,10141,10.10.1.11,11022,242980.53198321164
716.4215051150251,10.10.2.6,10063,10.10.1.11,11054,3454.4553324764884
716.4363190207379,10.10.2.6,10023,10.10.1.8,11092,1944.4756519057219
716.556075602984,10.10.2.6,10099,10.10.1.7,11181,1508.6491659095648
716.7863634992659,10.10.2.6,10005,10.10.1.9,11147,4099.0300050137785
716.9464021370236,10.10.2.6,10065,10.10.1.14,11065,4153174776.6437464
716.9784665854406,10.10.2.6,10147,10.10.1.8,11147,5572.336367734275
717.1073350864145,10.10.2.6,10087,10.10.1.10,11054,4411124.93625769
717.1217477578023,10.10.2.6,10138,10.10.1.3,11126,1983.3096211276381
717.2140202105542,10.10.2.6,10013,10.10.1.7,11088,5058452.164660024
717.2255275748888,10.10.2.6,10198,10.10.1.3,11133,6209.554458696932
717.2323522918559,10.10.2.6,10047,10.10.1.14,11026,7161.9671458565745
717.2468909960935,10.10.2.6,10163,10.10.1.2,11108,6192.927431888093
717.3252265656656,10.10.2.6,10010,10.10.1.5,11101,7703.297718602069
717.3274245132122,10.10.2.6,10124,10.10.1.16,11169,2158.1963901679464
717.4552379968958,10.10.2.6,10190,10.10.1.7,11012,61254.33950695681
717.5635153875902,10.10.2.6,10046,10.10.1.3,11017,34363.327032337795
717.7449955640041,10.10.2.6,10017,10.10.1.8,11140,118591.20820492001
717.7539236894281,10.10.2.6,10023,10.10.1.1,11156,2722.735561740298
717.7565909655938,10.10.2.6,10192,10.10.1.13,11135,5984439.593439469
717.7947217491575,10.10.2.6,10094,10.10.1.14,11165,20904.14542151573
717.8119898347076,10.10.2.6,10060,10.10.1.1,11159,2298.39879816397
717.8787612732394,10.10.2.6,10195,10.10.1.3,11005,8236.858770266115
718.1051747152,10.10.2.6,10051,10.10.1.11,11125,44975739.46226975
718.207155790634,10.10.2.6,10022,10.10.1.10,11066,34901.228653222184
718.2222657699283,10.10.2.6,10097,10.10.1.6,11013,27692.262077922092
718.3306020628794,10.10.2.6,10094,10.10.1.8,11108,15563.952972550156
718.3424226600566,10.10.2.6,10082,10.10.1.16,11140,30264406.958120573
718.401150274379,10.10.2.6,10007,10.10.1.15,11153,5761.952338021703
718.7342522844478,10.10.2.6,10124,10.10.1.3,11063,33790.14577784361
718.834674798659,10.10.2.6,10099,10.10.1.4,11191,2484.726714545156
718.8495289699197,10.10.2.6,10122,10.10.1.11,11041,17265.78556856308
718.9273237950248,10.10.2.6,10030,10.10.1.7,11018,25883.668142293114
719.082473997818,10.10.2.6,10162,10.10.1.4,11129,3971.3963553833223
719.1814863103544,10.10.2.6,10090,10.10.1.3,11140,109525719.6619389
719.2280195435436,10.10.2.6,10099,10.10.1.16,11086,17659.956637098407
719.436639175861,10.10.2.6,10031,10.10.1.5,11164,107714.64105596156
719.5475817986209,10.10.2.6,10068,10.10.1.12,11126,18570.685274892203
719.6353248835412,10.10.2.6,10141,10.10.1.4,11024,28669.623394815084
719.8714529694511,10.10.2.6,10039,10.10.1.12,11088,5089.524620358233
719.9007058768406,10.10.2.6,10143,10.10.1.9,11128,42185.857508483736
719.9021259223092,10.10.2.6,10065,10.10.1.2,11100,1609463902.6770544
720.0104347493657,10.10.2.6,10026,10.10.1.13,11167,35108.51193114546
720.046794830897,10.10.2.6,10192,10.10.1.7,11149,1154655632.5878909
720.0820259087826,10.10.2.6,10072,10.10.1.3,11184,455878.042685295
720.1030464897162,10.10.2.6,10000,10.10.1.6,11145,2344.8311311496504
720.1427344995872,10.10.2.6,10157,10.10.1.6,11138,11693.417624193899
720.1521510660162,10.10.2.6,10016,10.10.1.2,11039,3711.591077670832
720.2089213584287,10.10.2.6,10157,10.10.1.2,11078,3989.869070168541
720.3253438789978,10.10.2.6,10050,10.10.1.15,11187,1534.4476132644897
720.3345073545476,10.10.2.6,10160,10.10.1.2,11072,98451.3654255281
720.3820314777621,10.10.2.6,10002,10.10.1.15,11064,16069.621488700592
720.5395749129102,10.10.2.6,10116,10.10.1.8,11079,4413.248588024881
720.6245166563318,10.10.2.6,10156,10.10.1.8,11071,4620.804565961082
720.7141458794673,10.10.2.6,10124,10.10.1.12,11086,4136072.2644303995
720.8529200990502,10.10.2.6,10012,10.10.1.4,11023,19864.60919782468
720.8610287020977,10.10.2.6,10039,10.10.1.14,11138,23202.492188770702
721.0062545943381,10.10.2.6,10156,10.10.1.4,11148,2306.8813375093832
721.039425362811,10.10.2.6,10162,10.10.1.8,11164,2709.2303156925163
721.1032886411793,10.10.2.6,10128,10.10.1.13,11068,4042.050009737553
721.4401532673002,10.10.2.6,10071,10.10.1.2,11099,5514920.041822497
721.5251996745235,10.10.2.6,10101,10.10.1.3,11008,3690.9090097962103
721.5712081952805,10.10.2.6,10048,10.10.1.7,11122,6585.927308973642
721.577022697134,10.10.2.6,10141,10.10.1.6,11100,47027.42131426437
721.6656392172944,10.10.2.6,10026,10.10.1.8,11095,2507.7200358790546
721.6709423926163,10.10.2.6,10132,10.10.1.7,11168,115245.21727173687
721.6843811029603,10.10.2.6,10010,10.10.1.7,11189,3760486.0617092615
721.7524500645414,10.10.2.6,10035,10.10.1.3,11110,11084.405601477527
721.7571450001974,10.10.2.6,10098,10.10.1.3,11003,49457.39407520088
721.8699637278227,10.10.2.6,10008,10.10.1.8,11164,41028.43238686071
721.9688754613701,10.10.2.6,10079,10.10.1.10,11102,15030.010866542203
722.0266528824441,10.10.2.6,10063,10.10.1.9,11195,24414.2762586162
722.0428237588112,10.10.2.6,10030,10.10.1.12,11162,2871.4869059049743
722.119356948371,10.10.2.6,10002,10.10.1.1,11060,1572.9012465816018
722.1784401194602,10.10.2.6,10184,10.10.1.3,11166,126701054.03618792
722.269816601015,10.10.2.6,10169,10.10.1.6,11077,23368.472010731173
722.3095165312951,10.10.2.6,10101,10.10.1.16,11141,1958.9992758084531
722.3878540301095,10.10.2.6,10113,10.10.1.5,11077,1976.3940788446373
722.3963601381305,10.10.2.6,10051,10.10.1.10,11036,25914.178450946045
722.4907635806265,10.10.2.6,10001,10.10.1.14,11028,40202186.56550502
722.5019388045259,10.10.2.6,10080,10.10.1.12,11117,2990.2306700789536
722.5571845446319,10.10.2.6,10127,10.10.1.1,11015,49705.70384736171
722.6147744864209,10.10.2.6,10076,10.10.1.15,11176,42005.96334289671
722.8312291777988,10.10.2.6,10155,10.10.1.13,11059,2660.1071401297677
722.8627413629902,10.10.2.6,10024,10.10.1.4,11024,43420.289669710124
722.871999767493,10.10.2.6,10064,10.10.1.10,11133,6552.361644069237
722.9068743594823,10.10.2.6,10045,10.10.1.6,11130,95508.96310181014
722.9769301916403,10.10.2.6,10102,10.10.1.15,11004,1716.2741261887686
722.9873544574887,10.10.2.6,10071,10.10.1.5,11033,46477.968023288326
723.1358060973423,10.10.2.6,10165,10.10.1.10,11072,3480.019645018719
723.4243435786356,10.10.2.6,10154,10.10.1.9,11112,42572274.73373451
723.5187892545451,10.10.2.6,10157,10.10.1.16,11042,83793635.8010969
723.6183133021138,10.10.2.6,10073,10.10.1.3,11107,2326.295453698269
723.64914944141,10.10.2.6,10016,10.10.1.2,11149,24395.72027926296
723.8267786773522,10.10.2.6,10115,10.10.1.11,11062,2342.891221436593
723.8320450002916,10.10.2.6,10128,10.10.1.3,11090,35998.59658144594
724.1568061038856,10.10.2.6,10156,10.10.1.12,11092,7290.5569726503645
724.1974973008704,10.10.2.6,10037,10.10.1.3,11013,2259.3637985110568
724.2837885013868,10.10.2.6,10008,10.10.1.14,11034,33844.40992424499
724.2880351053545,10.10.2.6,10012,10.10.1.9,11069,5022102.3578791
724.2937592579104,10.10.2.6,10099,10.10.1.9,11079,3296.51915065298
724.3532107514542,10.10.2.6,10065,10.10.1.14,11011,2194.626924806804
724.3640052696934,10.10.2.6,10006,10.10.1.11,11083,3994127.462549635
724.486300349599,10.10.2.6,10156,10.10.1.5,11160,2077.8165028723997
724.4904547093391,10.10.2.6,10131,10.10.1.7,11182,2548.146370517912
724.5377220236168,10.10.2.6,10036,10.10.1.7,11186,60781.078337515675
724.6701254558812,10.10.2.6,10115,10.10.1.7,11146,2072.2493895754146
724.7078344225828,10.10.2.6,10088,10.10.1.12,11059,1060269.5703869837
725.0102575640063,10.10.2.6,10020,10.10.1.5,11106,4851.009145934981
725.2561805172962,10.10.2.6,10096,10.10.1.9,11176,87763972.90865862
725.406867797535,10.10.2.6,10039,10.10.1.14,11100,45066390.97547395
725.5161040108567,10.10.2.6,10173,10.10.1.3,11128,6897.496051855466
725.7239537393795,10.10.2.6,10132,10.10.1.5,11120,3229.4393324657003
725.7350870052755,10.10.2.6,10028,10.10.1.13,11052,3687.96514619263
725.8471666982743,10.10.2.6,10055,10.10.1.12,11055,2591.9923660216764
725.8486273729449,10.10.2.6,10081,10.10.1.6,11025,6196.795233736293
725.8901587883649,10.10.2.6,10117,10.10.1.13,11067,7966.847158139325
725.9885503558306,10.10.2.6,10164,10.10.1.9,11006,2287.878463995939
726.0355095615101,10.10.2.6,10107,10.10.1.1,11157,3089.673162284282
726.0485380407915,10.10.2.6,10115,10.10.1.10,11184,1655.5752597673904
726.069065869997,10.10.2.6,10001,10.10.1.4,11194,20176.605696612
726.172980125413,10.10.2.6,10082,10.10.1.15,11008,233237.56869734198
726.1804059558838,10.10.2.6,10179,10.10.1.11,11089,2052.084004060062
726.3144965470452,10.10.2.6,10051,10.10.1.10,11107,6995.116647649792
726.3878807637224,10.10.2.6,10132,10.10.1.4,11082,38642601.66032504
726.4704410224551,10.10.2.6,10002,10.10.1.8,11150,2304.126373311934
726.4877959283938,10.10.2.6,10017,10.10.1.1,11103,4949.120520577482
726.6754713182455,10.10.2.6,10073,10.10.1.10,11087,4795892985.61163
726.708163601243,10.10.2.6,10028,10.10.1.2,11193,2749.261918080663
726.7732146275386,10.10.2.6,10137,10.10.1.14,11002,40146197.17555125
726.842872520621,10.10.2.6,10077,10.10.1.11,11020,32882.82320945327
726.8930990169785,10.10.2.6,10124,10.10.1.16,11191,2489.832666638707
726.9273646672608,10.10.2.6,10159,10.10.1.8,11040,24224.060012634418
726.9446944876225,10.10.2.6,10070,10.10.1.15,11037,36443.829971293584
727.187742664477,10.10.2.6,10073,10.10.1.8,11193,4799.932936872195
727.2001145491706,10.10.2.6,10076,10.10.1.2,11193,4538.3051397218815
727.3199209041634,10.10.2.6,10188,10.10.1.6,11071,72518.30954468928
727.4556264519069,10.10.2.6,10175,10.10.1.1,11102,4599007.495832107
727.5767586831673,10.10.2.6,10071,10.10.1.1,11185,81316.72901130731
727.7446793674421,10.10.2.6,10067,10.10.1.4,11104,611723.7214935129
727.8263481874661,10.10.2.6,10025,10.10.1.6,11120,2791.7147630430327
727.8750565161139,10.10.2.6,10136,10.10.1.16,11151,3971.155203946346
728.154456176027,10.10.2.6,10104,10.10.1.13,11035,73249.07374583837
728.231128415432,10.10.2.6,10054,10.10.1.12,11037,2865.458312885822
728.2794770564295,10.10.2.6,10050,10.10.1.8,11139,445826.9613640321
728.453303366927,10.10.2.6,10093,10.10.1.14,11155,7387.964809438447
728.4614275228324,10.10.2.6,10043,10.10.1.15,11000,3595.804216194144
728.6672817152386,10.10.2.6,10048,10.10.1.2,11029,4114637173.2000365
728.806401980378,10.10.2.6,10061,10.10.1.6,11115,4094.0448331479497
728.8584840810211,10.10.2.6,10022,10.10.1.4,11130,19002.404179145575
728.9962179326022,10.10.2.6,10060,10.10.1.1,11044,6296.470112699127
729.0131603395946,10.10.2.6,10006,10.10.1.14,11124,70769.4761341166
729.0956097278802,10.10.2.6,10066,10.10.1.12,11034,4086.0567927520424
729.1150146177628,10.10.2.6,10127,10.10.1.14,11193,1583.5399638345234
729.1780271564253,10.10.2.6,10143,10.10.1.5,11116,5430767.4049965395
729.2610543958061,10.10.2.6,10000,10.10.1.13,11107,4713.4011411640495
729.3515148121827,10.10.2.6,10051,10.10.1.6,11062,5939.046526869369
729.88590077156,10.10.2.6,10195,10.10.1.12,11184,6852.915020560705
729.9098533123264,10.10.2.6,10155,10.10.1.15,11101,7593.496647410092
729.9982884789849,10.10.2.6,10186,10.10.1.6,11052,5188384.438695762
730.0069199190579,10.10.2.6,10001,10.10.1.9,11184,117920.0583602319
730.0649781754903,10.10.2.6,10090,10.10.1.12,11087,23685.075246989483
730.1357857636079,10.10.2.6,10109,10.10.1.1,11092,5444.752378966226
730.169907531277,10.10.2.6,10033,10.10.1.11,11127,21933.9994249667
730.3342034781198,10.10.2.6,10082,10.10.1.5,11106,3546.56718218777
730.5352312734001,10.10.2.6,10044,10.10.1.10,11032,6267.098144237933
730.565090745581,10.10.2.6,10050,10.10.1.5,11114,3043.9427431604486
730.5824466417272,10.10.2.6,10054,10.10.1.2,11089,3057.3515034383568
730.6511740411869,10.10.2.6,10047,10.10.1.12,11014,3639.7113111237936
730.6804440356643,10.10.2.6,10068,10.10.1.2,11030,34793484.078786366
730.9022009513968,10.10.2.6,10194,10.10.1.1,11010,9297.319527701793
730.9738651403648,10.10.2.6,10190,10.10.1.16,11135,5416.008408547669
731.0015994186582,10.10.2.6,10149,10.10.1.4,11070,6396.2353284567735
731.1190026246455,10.10.2.6,10073,10.10.1.14,11089,38907.08317376306
731.1554249118004,10.10.2.6,10121,10.10.1.7,11116,9575.425560055473
731.2228423571166,10.10.2.6,10108,10.10.1.1,11066,3080.17549162776
731.2346398223461,10.10.2.6,10049,10.10.1.11,11132,3957054.3974850816
731.3439882637226,10.10.2.6,10022,10.10.1.6,11174,23618.245632186925
731.3484632549252,10.10.2.6,10138,10.10.1.3,11184,34568.73999780433
731.3771411753893,10.10.2.6,10198,10.10.1.8,11187,32160168.256654434
731.4205812582243,10.10.2.6,10193,10.10.1.6,11091,132389822.05671416
731.5231754393834,10.10.2.6,10134,10.10.1.15,11185,4422962970.420959
731.5428713395323,10.10.2.6,10077,10.10.1.1,11033,16096.730058485942
731.6730233195037,10.10.2.6,10050,10.10.1.7,11155,2748.707622068759
731.941838769674,10.10.2.6,10163,10.10.1.15,11161,11784.709015633442
732.0294661660593,10.10.2.6,10104,10.10.1.2,11023,116982.6337939857
732.0751044696841,10.10.2.6,10008,10.10.1.11,11087,1821.502664626682
732.3163389027987,10.10.2.6,10131,10.10.1.1,11149,4136754.115847233
732.3636915195189,10.10.2.6,10004,10.10.1.8,11077,39893568.673678294
732.4421767036922,10.10.2.6,10170,10.10.1.6,11120,2257.325389808276
732.5683851973056,10.10.2.6,10121,10.10.1.5,11064,7087.029650369257
732.7472690198899,10.10.2.6,10092,10.10.1.2,11153,30746.937343012247
732.9413236123179,10.10.2.6,10190,10.10.1.14,11165,23738.862228618313
732.9722359799871,10.10.2.6,10141,10.10.1.14,11198,35647.63971970368
733.0225023411779,10.10.2.6,10099,10.10.1.11,11109,34959.78905570137
733.1076075348084,10.10.2.6,10169,10.10.1.4,11170,108158.46125925363
733.1130111300764,10.10.2.6,10043,10.10.1.9,11095,965495624.2003124
733.2303521957155,10.10.2.6,10138,10.10.1.15,11086,6881.711196397676
733.399488787457,10.10.2.6,10114,10.10.1.8,11190,46181.678968462445
733.6660823861918,10.10.2.6,10002,10.10.1.9,11100,16923.732152714383
733.7244591654454,10.10.2.6,10118,10.10.1.9,11033,7775.916566931055
733.820158291081,10.10.2.6,10061,10.10.1.11,11103,2492.4541758559653
733.9527286087744,10.10.2.6,10080,10.10.1.13,11135,22129.47374274895
733.985338616264,10.10.2.6,10141,10.10.1.14,11188,6647.967861765222
734.1118420114602,10.10.2.6,10007,10.10.1.4,11138,42004729.323108695
734.2192886946787,10.10.2.6,10173,10.10.1.16,11033,1601.4743246107723
734.3435393496242,10.10.2.6,10192,10.10.1.4,11050,20980.591965171196
734.3724877374165,10.10.2.6,10065,10.10.1.3,11101,2198.912653623222
734.3863207125228,10.10.2.6,10108,10.10.1.16,11192,3826.5068126466745
734.4403534435272,10.10.2.6,10159,10.10.1.15,11185,1846.265956919416
734.4657308487622,10.10.2.6,10137,10.10.1.2,11033,1785.672763837278
734.8936454328141,10.10.2.6,10145,10.10.1.12,11069,92848.02185279713
734.8983838306158,10.10.2.6,10151,10.10.1.12,11081,21243.2687897308
735.0049290284152,10.10.2.6,10085,10.10.1.1,11047,55229.54772116253
735.0576726074107,10.10.2.6,10185,10.10.1.1,11140,5519.763894981775
735.1197399884804,10.10.2.6,10125,10.10.1.8,11017,233114.89509227278
735.2070189635368,10.10.2.6,10153,10.10.1.5,11129,6809.5477600845725
735.2204533261114,10.10.2.6,10179,10.10.1.5,11145,7528.169999233999
735.2352549755498,10.10.2.6,10120,10.10.1.7,11178,6072889.895904283
735.2436636138436,10.10.2.6,10195,10.10.1.4,11010,5415055.976990053
735.3156713281121,10.10.2.6,10072,10.10.1.3,11175,30066.53866867411
735.4327511450535,10.10.2.6,10006,10.10.1.6,11066,36813.03555870964
735.4837034672267,10.10.2.6,10103,10.10.1.5,11134,3468.1262076125604
735.5661022803619,10.10.2.6,10113,10.10.1.12,11185,1781.639764902004
735.774163207354,10.10.2.6,10004,10.10.1.3,11013,9355.296323398574
735.8157935515893,10.10.2.6,10007,10.10.1.9,11122,4712990.490409299
735.8928166433265,10.10.2.6,10191,10.10.1.2,11167,10726.906782373822
735.963121477075,10.10.2.6,10099,10.10.1.2,11103,9235.039229671696
736.1481358666539,10.10.2.6,10060,10.10.1.4,11027,47415.258453967166
736.1545774951874,10.10.2.6,10082,10.10.1.8,11191,5596749.54087032
736.2205717774405,10.10.2.6,10105,10.10.1.7,11047,2680.3324136086094
736.2259317125536,10.10.2.6,10141,10.10.1.16,11181,2959.740119741478
736.2355675862773,10.10.2.6,10181,10.10.1.5,11146,6084585.167864664
736.2966101391733,10.10.2.6,10128,10.10.1.6,11093,4964.364335164478
736.3116323872646,10.10.2.6,10070,10.10.1.5,11024,3609.348660129967
736.968673983647,10.10.2.6,10021,10.10.1.13,11193,55219.48660264814
736.9971062968481,10.10.2.6,10135,10.10.1.7,11127,31749.848822688054
736.999089360683,10.10.2.6,10126,10.10.1.13,11027,2210.061771591043
737.0830751305232,10.10.2.6,10178,10.10.1.2,11074,18750.1299620951
737.3870716385325,10.10.2.6,10018,10.10.1.13,11011,16228.888566055592
737.4618931001119,10.10.2.6,10087,10.10.1.8,11017,19505.738697517325
737.4777352220351,10.10.2.6,10138,10.10.1.9,11071,22369.76910900719
737.4825028737786,10.10.2.6,10056,10.10.1.5,11085,2014.1181144901739
737.5292514167298,10.10.2.6,10176,10.10.1.7,11095,9028.583209093224
737.7306494728604,10.10.2.6,10159,10.10.1.1,11179,32802532.950041004
737.9127079835973,10.10.2.6,10085,10.10.1.2,11044,2574.2778371779978
737.9233095468602,10.10.2.6,10105,10.10.1.1,11195,2023.6371681971218
737.9271860664851,10.10.2.6,10078,10.10.1.8,11126,8603.784909815082
738.0510087772199,10.10.2.6,10073,10.10.1.1,11060,3463.453934281035
738.29090440339,10.10.2.6,10032,10.10.1.9,11031,31380739.764580708
738.3008983905758,10.10.2.6,10163,10.10.1.14,11071,111432.69738591579
738.301335874395,10.10.2.6,10112,10.10.1.16,11036,5444.330074805691
738.3130581407229,10.10.2.6,10126,10.10.1.10,11163,5045.817378409411
738.3263729621007,10.10.2.6,10100,10.10.1.13,11133,3058.7451493282656
738.574966342754,10.10.2.6,10186,10.10.1.4,11014,124926.33000070223
738.6265922363636,10.10.2.6,10148,10.10.1.9,11047,181803.21241945485
738.6836972614631,10.10.2.6,10090,10.10.1.6,11010,10321.418816380889
738.758248162707,10.10.2.6,10149,10.10.1.14,11179,3553.2617263049797
738.7715056735589,10.10.2.6,10009,10.10.1.9,11157,45736791.408020884
738.8015349932152,10.10.2.6,10179,10.10.1.7,11154,61104.64910482561
738.8461433142942,10.10.2.6,10047,10.10.1.10,11073,5420.882065523338
738.8588345899681,10.10.2.6,10076,10.10.1.16,11107,25784.005605377162
738.8593514638603,10.10.2.6,10058,10.10.1.6,11122,2036.2281933656986
739.0561003382052,10.10.2.6,10169,10.10.1.4,11131,39360.0423332297
739.1560739316345,10.10.2.6,10155,10.10.1.8,11086,1626.4358148047536
739.2130791414255,10.10.2.6,10036,10.10.1.3,11192,36829.889208726585
739.2559796766667,10.10.2.6,10092,10.10.1.11,11161,4364462.857307627
739.383893891312,10.10.2.6,10165,10.10.1.7,11038,17889.398195351194
739.4954158327018,10.10.2.6,10145,10.10.1.15,11154,39873.86202445259
739.6641960445704,10.10.2.6,10098,10.10.1.3,11169,30295.72252183651
739.7256256916502,10.10.2.6,10090,10.10.1.10,11182,15382.73546419522
739.7512099676226,10.10.2.6,10061,10.10.1.12,11121,57135.48952540782
739.806113310009,10.10.2.6,10012,10.10.1.10,11120,124694.92521942125
739.8385539967705,10.10.2.6,10122,10.10.1.11,11145,1398824689.5749962
739.8394130750135,10.10.2.6,10130,10.10.1.11,11077,54136.52017384194
739.865005242162,10.10.2.6,10108,10.10.1.10,11006,39061228.76595497
740.0980269949652,10.10.2.6,10109,10.10.1.4,11049,2442.280048469403
740.1032500123038,10.10.2.6,10178,10.10.1.11,11002,3337.157396405168
740.1303156957837,10.10.2.6,10085,10.10.1.9,11171,11338.113355270976
740.1308010184379,10.10.2.6,10192,10.10.1.4,11140,3030.099901117396
740.1367519514091,10.10.2.6,10151,10.10.1.11,11058,902829249.9146249
740.355909220181,10.10.2.6,10090,10.10.1.6,11042,22306.893805597643
740.4641098600634,10.10.2.6,10131,10.10.1.3,11152,74867.16582218281
740.4804676976054,10.10.2.6,10126,10.10.1.11,11135,11759749.91689311
740.6271034951603,10.10.2.6,10061,10.10.1.9,11146,2193.633687361965
740.6358202260419,10.10.2.6,10020,10.10.1.6,11190,4044000.529806062
740.6447801966631,10.10.2.6,10123,10.10.1.9,11084,3774474.0194119797
740.9780684691383,10.10.2.6,10106,10.10.1.9,11193,11302.029958128172
741.0223323659643,10.10.2.6,10026,10.10.1.15,11072,5722506.437232099
741.2428360606739,10.10.2.6,10030,10.10.1.4,11147,1407328567.9402616
741.4762739017452,10.10.2.6,10004,10.10.1.13,11103,4900.448772696927
741.5479530532995,10.10.2.6,10152,10.10.1.8,11021,2136.575477907166
741.599523716469,10.10.2.6,10110,10.10.1.15,11065,15855.885304451784
741.7231525301574,10.10.2.6,10182,10.10.1.16,11049,46767949.774653725
741.9297915467339,10.10.2.6,10193,10.10.1.7,11133,18758.836950405308
741.9491121429237,10.10.2.6,10137,10.10.1.3,11164,55154.05288955014
742.0214540123926,10.10.2.6,10162,10.10.1.12,11088,103796.60824973138
742.0785158817655,10.10.2.6,10042,10.10.1.1,11056,2083.4882793710717
742.2154163250458,10.10.2.6,10006,10.10.1.13,11060,45394817.8638471
742.247036449064,10.10.2.6,10016,10.10.1.5,11060,23867.344756792267
742.2524912233644,10.10.2.6,10058,10.10.1.12,11014,2344.493866766027
742.335353292302,10.10.2.6,10156,10.10.1.1,11076,5430.353063972816
742.3502604798474,10.10.2.6,10124,10.10.1.6,11159,5039.2832592172645
742.4215358126021,10.10.2.6,10083,10.10.1.7,11142,107260.61544195932
742.4732269676748,10.10.2.6,10047,10.10.1.14,11069,7610.552732970305
742.4778829987227,10.10.2.6,10096,10.10.1.2,11177,34191.865851243274
742.4946408750644,10.10.2.6,10092,10.10.1.8,11059,4013190.397735126
742.5219952979829,10.10.2.6,10046,10.10.1.3,11172,31921.970966097746
742.523703138386,10.10.2.6,10195,10.10.1.2,11044,1578.0124808081425
742.5425311755164,10.10.2.6,10158,10.10.1.1,11084,2659.1607096028297
742.565778954165,10.10.2.6,10072,10.10.1.13,11019,142616181.95447487
742.6994905939666,10.10.2.6,10017,10.10.1.2,11023,7004.6369032057455
742.8854740173133,10.10.2.6,10124,10.10.1.14,11173,4890913.94640311
742.8927297699715,10.10.2.6,10107,10.10.1.8,11084,93148.29285194032
742.9302709209954,10.10.2.6,10001,10.10.1.16,11051,24001.23068794223
742.9592942444,10.10.2.6,10181,10.10.1.14,11052,36586.39555848112
742.9759604665068,10.10.2.6,10063,10.10.1.7,11108,1735.5594050682923
743.0266048920209,10.10.2.6,10027,10.10.1.11,11020,61113.33184858116
743.0503712685257,10.10.2.6,10040,10.10.1.11,11088,82192.92217331813
743.3476157537649,10.10.2.6,10153,10.10.1.15,11052,30635.200212577645
743.3961976212396,10.10.2.6,10085,10.10.1.6,11017,16511.24877976814
743.6158098652547,10.10.2.6,10066,10.10.1.4,11023,5670.611489114868
744.0446926737815,10.10.2.6,10049,10.10.1.12,11038,3033.196816080045
744.1592842477502,10.10.2.6,10190,10.10.1.14,11055,22234.055309482006
744.2050074263234,10.10.2.6,10009,10.10.1.11,11110,2307.210909168465
744.2649441634038,10.10.2.6,10085,10.10.1.12,11006,4142.6349155843145
744.4162971340157,10.10.2.6,10038,10.10.1.7,11012,74339.99094323236
744.4463692024831,10.10.2.6,10177,10.10.1.12,11021,960025.7940931319
744.4975312717119,10.10.2.6,10119,10.10.1.3,11180,12375.188301245666
744.5608842132182,10.10.2.6,10071,10.10.1.11,11089,10493.522487775928
744.7907870981228,10.10.2.6,10156,10.10.1.6,11114,79973.99468611699
744.8209000322479,10.10.2.6,10060,10.10.1.9,11149,3575.5961508706314
744.9530018269,10.10.2.6,10064,10.10.1.2,11173,30315.944313565928
744.9942209182258,10.10.2.6,10026,10.10.1.12,11016,33647338.71424859
745.0940124768448,10.10.2.6,10139,10.10.1.4,11050,17600.27128676734
745.1471474711658,10.10.2.6,10111,10.10.1.16,11048,69801.83144055022
745.2020575590486,10.10.2.6,10164,10.10.1.12,11016,570159.7795362482
745.2463779171657,10.10.2.6,10131,10.10.1.12,11163,33005.89809641661
745.2972869794127,10.10.2.6,10009,10.10.1.11,11190,117037518.50167231
745.413253102182,10.10.2.6,10128,10.10.1.11,11198,33236.56720579793
745.5058944681396,10.10.2.6,10011,10.10.1.9,11093,29954.708694487108
745.5346682467034,10.10.2.6,10177,10.10.1.9,11176,4765.548407471456
745.6490684323609,10.10.2.6,10003,10.10.1.11,11108,30423.930881861168
745.6768950000167,10.10.2.6,10029,10.10.1.5,11035,6158220.745320939
745.8470520049123,10.10.2.6,10077,10.10.1.3,11173,26591.608186873917
745.9061641110023,10.10.2.6,10170,10.10.1.11,11008,56238.01128153511
745.9328076928736,10.10.2.6,10099,10.10.1.15,11000,436902.7016774719
746.1684827867794,10.10.2.6,10055,10.10.1.8,11148,5675.536548894744
746.2259071242038,10.10.2.6,10020,10.10.1.11,11140,2518.655579478604
746.5389014689157,10.10.2.6,10025,10.10.1.14,11116,3322.2101724526724
746.5490145474639,10.10.2.6,10195,10.10.1.11,11186,11657.497964156319
746.693738175434,10.10.2.6,10171,10.10.1.10,11153,2829.821145185168
746.8876304140258,10.10.2.6,10111,10.10.1.4,11115,1641.9212786376909
746.9612921145756,10.10.2.6,10015,10.10.1.4,11195,9188.047972414244
747.1257414242644,10.10.2.6,10007,10.10.1.11,11121,4586.583592657391
747.1684949555466,10.10.2.6,10063,10.10.1.5,11130,2465.7915233683416
747.192939075952,10.10.2.6,10037,10.10.1.11,11132,3753.5236199947212
747.2907762403611,10.10.2.6,10062,10.10.1.6,11066,24134.7586071035
747.4504654109942,10.10.2.6,10171,10.10.1.14,11054,34448.17083095726
747.6164970658866,10.10.2.6,10057,10.10.1.11,11113,12316.871330199418
747.6610402504276,10.10.2.6,10175,10.10.1.3,11111,7385.106458408516
747.6949874298493,10.10.2.6,10172,10.10.1.6,11027,88643.25500564753
747.7278724343475,10.10.2.6,10009,10.10.1.16,11137,5148250.393763466
747.7621789258408,10.10.2.6,10158,10.10.1.12,11048,39510.0900780526
747.7672862853881,10.10.2.6,10016,10.10.1.16,11156,1283991434.714476
747.8138205360599,10.10.2.6,10002,10.10.1.1,11105,22073.019563903687
747.8226919608524,10.10.2.6,10026,10.10.1.4,11039,81342.35010923035
747.9136737599872,10.10.2.6,10140,10.10.1.12,11156,49360.61411890799
747.9573608202775,10.10.2.6,10192,10.10.1.16,11167,33746.82087418019
748.0619236043506,10.10.2.6,10101,10.10.1.14,11034,33624.60124307875
748.1007779805276,10.10.2.6,10007,10.10.1.13,11050,30990.436170686826
748.2144880296685,10.10.2.6,10034,10.10.1.14,11042,3682.483874277586
748.3269178324521,10.10.2.6,10035,10.10.1.16,11073,16207.611534784228
748.4503108491474,10.10.2.6,10081,10.10.1.11,11157,6375.862616656987
748.5629673103577,10.10.2.6,10095,10.10.1.14,11138,1965.3373978805735
748.6032415641679,10.10.2.6,10143,10.10.1.4,11195,15498.758840782146
748.7093477921501,10.10.2.6,10162,10.10.1.14,11133,6163854.674637315
748.7362267720198,10.10.2.6,10032,10.10.1.1,11189,4864.051933902692
748.7656902916563,10.10.2.6,10122,10.10.1.1,11000,31148003.127958484
748.7976142659256,10.10.2.6,10163,10.10.1.13,11162,3144.714380658249
748.8180826470486,10.10.2.6,10021,10.10.1.7,11079,2294.4140857890125
748.8366816811493,10.10.2.6,10131,10.10.1.13,11187,234454.30234719912
748.9783252932995,10.10.2.6,10031,10.10.1.4,11055,68384564.2201723
749.0216164983542,10.10.2.6,10104,10.10.1.7,11124,4491.696837461253
749.1736856674465,10.10.2.6,10077,10.10.1.4,11190,1797.2105566819241
749.2653767931952,10.10.2.6,10126,10.10.1.16,11090,18709.103207806875
749.2834448797965,10.10.2.6,10101,10.10.1.9,11142,1714.4300443924249
749.2954526356096,10.10.2.6,10049,10.10.1.1,11170,30482.694743454074
749.3424068546637,10.10.2.6,10155,10.10.1.12,11146,1925.5735177520316
749.4389914248095,10.10.2.6,10197,10.10.1.13,11080,119645.40964899355
749.5024058810623,10.10.2.6,10116,10.10.1.8,11074,10899637.848196113
749.6107545376176,10.10.2.6,10061,10.10.1.7,11070,103691973.67996684
749.7095484507519,10.10.2.6,10132,10.10.1.3,11172,4675.519026357617
749.75270126972,10.10.2.6,10000,10.10.1.13,11100,8444.380722778065
749.8361709737958,10.10.2.6,10028,10.10.1.2,11149,1907.7211130568294
749.8649946163935,10.10.2.6,10178,10.10.1.1,11175,9521.653644691505
749.9826119372973,10.10.2.6,10101,10.10.1.1,11116,21410.110401506132
750.03401942365,10.10.2.6,10192,10.10.1.14,11092,4203881.230699978
750.2759679938689,10.10.2.6,10112,10.10.1.3,11054,100061.86114783322
750.3236818558887,10.10.2.6,10134,10.10.1.1,11171,7446.888675316125
750.4007733636508,10.10.2.6,10003,10.10.1.7,11079,2209.0289110531794
750.4804968483702,10.10.2.6,10117,10.10.1.6,11034,4379.197523260173
750.5605670138092,10.10.2.6,10033,10.10.1.2,11118,24529.96311105072
750.6108179019703,10.10.2.6,10035,10.10.1.7,11018,35581380.56045868
750.626282325057,10.10.2.6,10016,10.10.1.12,11057,24979.66103825274
750.6576190112904,10.10.2.6,10031,10.10.1.13,11120,16351.840856506968
750.7343523410508,10.10.2.6,10077,10.10.1.9,11096,4448.880296789638
750.894704458988,10.10.2.6,10040,10.10.1.3,11112,6162833.230087763
751.0994600416282,10.10.2.6,10197,10.10.1.7,11165,89277.97066847434
751.1608572441537,10.10.2.6,10129,10.10.1.13,11099,24836.70949951565
751.3389050253945,10.10.2.6,10113,10.10.1.6,11017,107797.46679491235
751.3619745088556,10.10.2.6,10100,10.10.1.5,11056,6447.353974549707
751.4562721807276,10.10.2.6,10171,10.10.1.11,11115,2695.303368575764
751.4918196093837,10.10.2.6,10133,10.10.1.1,11145,7965.1694833236315
751.6261835903173,10.10.2.6,10102,10.10.1.4,11115,5708.342646304713
751.6721446296751,10.10.2.6,10195,10.10.1.6,11181,15120.848954582876
751.6845760999353,10.10.2.6,10028,10.10.1.15,11022,28257.81459379032
751.7481249925714,10.10.2.6,10045,10.10.1.15,11162,5132796.000454339
751.8171995769037,10.10.2.6,10123,10.10.1.3,11008,6147337.912733695
751.8190176067899,10.10.2.6,10187,10.10.1.14,11141,5403155.808413479
752.115860658861,10.10.2.6,10032,10.10.1.11,11129,23318.78467710069
752.1621051444869,10.10.2.6,10110,10.10.1.6,11006,1996.8821377691575
752.3459388654107,10.10.2.6,10171,10.10.1.2,11084,7361.448929088811
752.3497733648046,10.10.2.6,10163,10.10.1.10,11058,146093522.5117378
752.3875205450363,10.10.2.6,10186,10.10.1.3,11141,76165211.18294504
752.4389310924046,10.10.2.6,10198,10.10.1.13,11093,8010.89503815389
752.4446463950799,10.10.2.6,10030,10.10.1.16,11183,1757.9632860432814
752.4682446841995,10.10.2.6,10152,10.10.1.12,11133,40203227.5426213
752.5468769560247,10.10.2.6,10197,10.10.1.6,11008,6676.089695248296
752.6982777291288,10.10.2.6,10098,10.10.1.11,11185,2134.840817375279
752.7013126531913,10.10.2.6,10001,10.10.1.4,11039,22029.24157431943
752.7551145526977,10.10.2.6,10137,10.10.1.9,11170,8760793.590484863
752.8093259017986,10.10.2.6,10069,10.10.1.9,11166,605763.1549744557
752.8592286676959,10.10.2.6,10016,10.10.1.1,11119,3271.2515538554508
752.8939814941905,10.10.2.6,10120,10.10.1.8,11022,23210.535977562904
752.9332766712067,10.10.2.6,10039,10.10.1.6,11051,47243.657591957985
753.0377581881369,10.10.2.6,10068,10.10.1.10,11157,139517861.71752596
753.127120255412,10.10.2.6,10115,10.10.1.8,11195,7547.232476393335
753.2163248609373,10.10.2.6,10060,10.10.1.5,11026,7640.3459823009525
753.2366631667295,10.10.2.6,10050,10.10.1.11,11082,65750.06458734997
753.3899141648922,10.10.2.6,10124,10.10.1.8,11145,35820.144246268705
753.3989936548326,10.10.2.6,10104,10.10.1.11,11161,4776591.336275828
753.4985036493321,10.10.2.6,10021,10.10.1.16,11145,46670.53910848147
753.5012514514356,10.10.2.6,10193,10.10.1.3,11189,1146071.464792457
753.7213997188909,10.10.2.6,10194,10.10.1.16,11029,6331.479359995044
753.7418517013257,10.10.2.6,10176,10.10.1.12,11174,46978001.6960635
753.7676302902523,10.10.2.6,10035,10.10.1.7,11073,52160.46804251042
753.796373890585,10.10.2.6,10100,10.10.1.7,11141,49024.20279828785
753.9322178384448,10.10.2.6,10020,10.10.1.10,11172,2897.4812584912715
753.9493357843205,10.10.2.6,10079,10.10.1.13,11160,1484184433.6165533
753.9694178476594,10.10.2.6,10068,10.10.1.16,11173,4284960.809623818
754.0532414042162,10.10.2.6,10124,10.10.1.15,11055,1859.5935614882858
754.1540911862035,10.10.2.6,10195,10.10.1.4,11193,92550867.86221394
754.1878524793854,10.10.2.6,10081,10.10.1.10,11003,6400.589525954451
754.2442931354734,10.10.2.6,10005,10.10.1.10,11188,8093.637553406858
754.3996985259029,10.10.2.6,10062,10.10.1.13,11099,31755.30335760273
754.4988701420933,10.10.2.6,10144,10.10.1.11,11133,6749.335605765029
754.5287348941968,10.10.2.6,10116,10.10.1.6,11028,7401.013424867627
754.6197479227407,10.10.2.6,10175,10.10.1.10,11197,8934.674193257779
754.633098592744,10.10.2.6,10131,10.10.1.4,11141,1592.0465600632601
754.6677209251442,10.10.2.6,10084,10.10.1.16,11085,4740571.300665082
754.690988990554,10.10.2.6,10144,10.10.1.3,11058,202470.88764767427
754.7409192686137,10.10.2.6,10045,10.10.1.3,11064,3144.863594513035
754.9209310830654,10.10.2.6,10068,10.10.1.15,11178,42200025.43823397
754.9737728902041,10.10.2.6,10081,10.10.1.13,11020,3106.657810187523
754.9746363054053,10.10.2.6,10107,10.10.1.2,11020,10418.783978038182
755.1179154107572,10.10.2.6,10069,10.10.1.5,11179,37143.302489793416
755.1609620532339,10.10.2.6,10127,10.10.1.15,11120,5346389.165713745
755.3766088880601,10.10.2.6,10032,10.10.1.9,11011,28245.642493532032
755.4046897427763,10.10.2.6,10158,10.10.1.14,11159,2487.1868193333194
755.4247423380945,10.10.2.6,10152,10.10.1.10,11109,10603.066067473846
755.5335253168882,10.10.2.6,10012,10.10.1.13,11056,26516.684154827315
755.7368726064334,10.10.2.6,10153,10.10.1.7,11095,16262.335842529548
755.8365021626647,10.10.2.6,10077,10.10.1.1,11024,1644.0735166817021
756.0855812067551,10.10.2.6,10183,10.10.1.13,11100,22135.307266862463
756.1144668180578,10.10.2.6,10176,10.10.1.12,11112,60233.81311959107
756.1453224169104,10.10.2.6,10125,10.10.1.16,11113,67806.25870571237
756.3498646232059,10.10.2.6,10161,10.10.1.11,11175,39093632.52183584
756.5154148668958,10.10.2.6,10135,10.10.1.15,11045,1905.6270655980893
756.6530810188985,10.10.2.6,10015,10.10.1.15,11136,6652.195436719419
756.8216354325388,10.10.2.6,10067,10.10.1.11,11113,3303.896585900656
756.977412099649,10.10.2.6,10114,10.10.1.9,11041,36911.95551385775
757.060388652172,10.10.2.6,10184,10.10.1.4,11163,17794.737174234528
757.1360381062033,10.10.2.6,10020,10.10.1.9,11028,4542.658556307338
757.1991982924765,10.10.2.6,10158,10.10.1.15,11004,3042.8134007399885
757.2193173860345,10.10.2.6,10104,10.10.1.11,11042,3055.42620242983
757.2651626335603,10.10.2.6,10088,10.10.1.6,11115,32442.668041131652
757.3026179830819,10.10.2.6,10119,10.10.1.8,11132,7413.661963332748
757.3602646737097,10.10.2.6,10146,10.10.1.12,11156,447016.8608925242
757.3679996393014,10.10.2.6,10105,10.10.1.16,11124,26753.982029722218
757.4012390896588,10.10.2.6,10086,10.10.1.1,11082,4882.978317243182
757.4140948933713,10.10.2.6,10096,10.10.1.9,11089,28773.090296628918
757.4399280003948,10.10.2.6,10139,10.10.1.15,11114,6192054.009089058
757.5422878371423,10.10.2.6,10163,10.10.1.2,11065,2171.336646912301
757.7142988414723,10.10.2.6,10082,10.10.1.8,11010,1624.9248654715254
757.818107998875,10.10.2.6,10146,10.10.1.5,11100,15550.666118747125
757.9712696358908,10.10.2.6,10176,10.10.1.8,11164,102774.72741223166
757.9971450904845,10.10.2.6,10166,10.10.1.16,11108,5371555.670369548
758.1009734189003,10.10.2.6,10164,10.10.1.16,11064,7216.488599728389
758.1970668107112,10.10.2.6,10047,10.10.1.14,11006,22987.87812221131
758.2064554038623,10.10.2.6,10096,10.10.1.10,11099,7540.000627262412
758.3132049887969,10.10.2.6,10147,10.10.1.1,11107,27636.93461795314
758.3588041131192,10.10.2.6,10004,10.10.1.9,11162,1634.128909691545
758.4690194460514,10.10.2.6,10147,10.10.1.11,11191,23808.471533962715
758.4905670831976,10.10.2.6,10188,10.10.1.14,11151,46408239.38291833
758.6362380939999,10.10.2.6,10119,10.10.1.6,11197,43817803.734916545
758.7070927122255,10.10.2.6,10117,10.10.1.2,11079,1851.9224555131302
758.8372801252411,10.10.2.6,10087,10.10.1.6,11039,119709.47802127045
759.0237805397934,10.10.2.6,10191,10.10.1.3,11074,29161.04148628047
759.0312756439287,10.10.2.6,10162,10.10.1.12,11016,4509216.55102449
759.0413175601578,10.10.2.6,10074,10.10.1.10,11034,24996.874485826425
759.1764159047057,10.10.2.6,10047,10.10.1.11,11009,3288.185972329954
759.272815347614,10.10.2.6,10065,10.10.1.12,11068,21439.81464771066
759.282806692121,10.10.2.6,10043,10.10.1.9,11167,4750.963956200922
759.5521076175072,10.10.2.6,10147,10.10.1.10,11067,116499439.09898657
759.5599959538907,10.10.2.6,10047,10.10.1.5,11097,30804.35522914745
759.571271984043,10.10.2.6,10099,10.10.1.16,11175,11228.599715570319
759.6651436696628,10.10.2.6,10037,10.10.1.5,11174,4058960.9279826
759.8061532287014,10.10.2.6,10009,10.10.1.16,11105,10461802865.554022
759.9504708110825,10.10.2.6,10040,10.10.1.9,11025,56023.286020336454
759.981579921461,10.10.2.6,10089,10.10.1.5,11193,4821.5256018485925
759.9852515250187,10.10.2.6,10166,10.10.1.11,11089,6176403.908248293
760.0546414691106,10.10.2.6,10095,10.10.1.6,11036,7082.002324448718
760.2037448101254,10.10.2.6,10092,10.10.1.16,11137,9430.724897868477
760.2878514215354,10.10.2.6,10118,10.10.1.6,11149,27318.757962026353
760.3842163878783,10.10.2.6,10000,10.10.1.12,11132,5341.826426920078
760.5088238013184,10.10.2.6,10189,10.10.1.1,11132,6438.467352599362
760.5194857441252,10.10.2.6,10183,10.10.1.12,11040,9663.405593080368
760.552742259445,10.10.2.6,10182,10.10.1.10,11198,49081.03568129408
760.6865206338874,10.10.2.6,10078,10.10.1.4,11092,5278232.886154739
760.7194634967026,10.10.2.6,10133,10.10.1.7,11050,24513.887610746795
760.7482943212723,10.10.2.6,10012,10.10.1.1,11177,48224.55842133265
760.8356176428624,10.10.2.6,10133,10.10.1.6,11050,2472.8160074948014
760.8380805953532,10.10.2.6,10091,10.10.1.16,11077,7313.628733510295
760.9835288745469,10.10.2.6,10129,10.10.1.6,11038,9313.785312116966
761.1053663044826,10.10.2.6,10156,10.10.1.7,11090,9397.088115497505
761.1460152974454,10.10.2.6,10162,10.10.1.11,11051,80847.80063786771
761.1737960493947,10.10.2.6,10177,10.10.1.5,11029,107965.97464556275
761.2041785545476,10.10.2.6,10120,10.10.1.15,11137,4623.940642343636
761.2377658657393,10.10.2.6,10065,10.10.1.12,11071,40743709.96914271
761.3027211859516,10.10.2.6,10154,10.10.1.12,11097,8796.942089610038
761.3699273779389,10.10.2.6,10142,10.10.1.5,11050,1879.8749111673353
761.4718094758775,10.10.2.6,10171,10.10.1.14,11145,2111.522377027729
761.7041060033,10.10.2.6,10150,10.10.1.13,11194,62500.630768597635
761.8338530249342,10.10.2.6,10019,10.10.1.3,11173,32138.03055778304
761.9410431651069,10.10.2.6,10053,10.10.1.2,11076,2280.255803596811
762.0686481093736,10.10.2.6,10190,10.10.1.15,11003,72475.31003114601
762.0767781855639,10.10.2.6,10079,10.10.1.16,11172,3408.380835002615
762.1115611205892,10.10.2.6,10131,10.10.1.15,11147,39304.6071183336
762.3809711363077,10.10.2.6,10109,10.10.1.16,11123,2033.3329325358404
762.4739510430746,10.10.2.6,10132,10.10.1.1,11045,116998.85546539011
762.5883327023912,10.10.2.6,10084,10.10.1.8,11155,15440.012565774061
762.8561969183648,10.10.2.6,10070,10.10.1.5,11182,4294854.9100272525
762.8942782848188,10.10.2.6,10172,10.10.1.10,11101,5785.271033524998
763.2048208247392,10.10.2.6,10048,10.10.1.14,11160,3644.7544542097535
763.2231286767135,10.10.2.6,10142,10.10.1.2,11127,64566.04725704323
763.4513838870495,10.10.2.6,10194,10.10.1.5,11056,1611.9769874784156
763.5292072828296,10.10.2.6,10151,10.10.1.11,11058,6801.133559829723
763.5770131060605,10.10.2.6,10023,10.10.1.3,11171,3252.3784464627242
763.5799968308644,10.10.2.6,10050,10.10.1.12,11057,3227.1341529547603
763.6771850377129,10.10.2.6,10025,10.10.1.12,11086,97680.59086421352
763.749869577586,10.10.2.6,10007,10.10.1.16,11018,8266.724792043678
763.7720356399881,10.10.2.6,10183,10.10.1.8,11000,49103596.661332816
763.8689234029782,10.10.2.6,10138,10.10.1.7,11027,45338.078355964164
763.915412710253,10.10.2.6,10125,10.10.1.13,11173,75959.71038344869
764.0408552833151,10.10.2.6,10130,10.10.1.14,11073,82075.87533488114
764.0451984862234,10.10.2.6,10057,10.10.1.11,11081,1641.778181341461
764.1381429253515,10.10.2.6,10196,10.10.1.9,11119,22988.554236196345
764.2825099830311,10.10.2.6,10155,10.10.1.12,11131,3585.8254415040756
764.2995805269327,10.10.2.6,10189,10.10.1.10,11186,16726.335429183546
764.3976567162124,10.10.2.6,10105,10.10.1.8,11049,1679.7536115041771
764.4330858180738,10.10.2.6,10107,10.10.1.10,11133,1815.4095087256444
764.482734594404,10.10.2.6,10147,10.10.1.11,11066,18900.935985181666
764.6328449196593,10.10.2.6,10122,10.10.1.14,11039,39205.41711904344
764.6819918675801,10.10.2.6,10001,10.10.1.9,11139,7121.084743724089
764.7213388257791,10.10.2.6,10051,10.10.1.13,11095,120588992.20974962
764.734444878891,10.10.2.6,10144,10.10.1.16,11096,7068.08702249282
764.817724986803,10.10.2.6,10004,10.10.1.12,11125,5457749.01526547
764.9871609816929,10.10.2.6,10002,10.10.1.3,11092,119512.91675815232
765.0961847193746,10.10.2.6,10086,10.10.1.11,11094,9732.02092016393
765.1431646163783,10.10.2.6,10141,10.10.1.4,11017,122765.28224408173
765.1647225195237,10.10.2.6,10010,10.10.1.16,11046,15654.35855794221
765.166195446744,10.10.2.6,10147,10.10.1.4,11077,3822210.208499601
765.1984391825362,10.10.2.6,10096,10.10.1.11,11059,1715.0033859210341
765.3222520248266,10.10.2.6,10160,10.10.1.9,11098,16035.481807185337
765.3431410370072,10.10.2.6,10110,10.10.1.8,11122,5898.846994827922
765.41398015473,10.10.2.6,10075,10.10.1.10,11038,78881.2519020509
765.4977593441004,10.10.2.6,10139,10.10.1.11,11102,7571.577003798748
765.6870324074615,10.10.2.6,10121,10.10.1.3,11183,4808.867221343142
765.8309797660685,10.10.2.6,10084,10.10.1.9,11157,2864.2211028494958
765.9248368775271,10.10.2.6,10047,10.10.1.4,11044,9882.47232332139
765.9436105975761,10.10.2.6,10126,10.10.1.1,11057,30065.419801729025
765.9591448781163,10.10.2.6,10164,10.10.1.8,11165,22726.672773941387
765.9713517552779,10.10.2.6,10132,10.10.1.6,11050,2559.1615043148163
765.9801131559125,10.10.2.6,10144,10.10.1.7,11065,9836.777108487344
765.9946947797882,10.10.2.6,10051,10.10.1.11,11140,424268.5815390524
766.3484014723914,10.10.2.6,10096,10.10.1.12,11156,106712.71187138624
766.425952624515,10.10.2.6,10192,10.10.1.13,11142,1776.1260901829633
766.4602024693596,10.10.2.6,10065,10.10.1.8,11016,3544.905942003822
766.5615575685993,10.10.2.6,10080,10.10.1.11,11097,1938.5427907493772
766.7857566566985,10.10.2.6,10146,10.10.1.1,11131,3711.116364481213
766.789474206371,10.10.2.6,10147,10.10.1.16,11179,27948.177489968457
766.9224350591253,10.10.2.6,10173,10.10.1.16,11159,15478.811296531665
766.9461038859305,10.10.2.6,10188,10.10.1.14,11174,29704.900548893707
766.9784134919829,10.10.2.6,10112,10.10.1.11,11006,102216124.40706226
767.0533846909233,10.10.2.6,10132,10.10.1.2,11182,1889.336703472223
767.0871659192281,10.10.2.6,10130,10.10.1.6,11000,5673.793862283803
767.2014262931826,10.10.2.6,10076,10.10.1.14,11153,38494.1578682864
767.2178000331221,10.10.2.6,10171,10.10.1.9,11128,11606.12027224995
767.219653401702,10.10.2.6,10048,10.10.1.11,11128,6566.215899436527
767.3716555381362,10.10.2.6,10014,10.10.1.12,11128,8836.93723491545
767.4795853500962,10.10.2.6,10150,10.10.1.8,11098,97560.59016266631
767.4826235643517,10.10.2.6,10175,10.10.1.4,11153,32423.38507253123
767.5809339149926,10.10.2.6,10100,10.10.1.12,11035,1874.8729847992004
767.6927610606632,10.10.2.6,10040,10.10.1.12,11177,38418.909005235
767.7776692886297,10.10.2.6,10075,10.10.1.9,11145,33400.42510544759
767.7893593248914,10.10.2.6,10127,10.10.1.1,11080,1148283893.73895
767.8345764915954,10.10.2.6,10162,10.10.1.8,11079,23280.016954786093
767.9446656972718,10.10.2.6,10187,10.10.1.4,11127,25787.896322107947
768.0470347395074,10.10.2.6,10154,10.10.1.15,11071,1512212970.1238918
768.1049491201109,10.10.2.6,10044,10.10.1.7,11137,62603380.701394364
768.1339652490323,10.10.2.6,10172,10.10.1.3,11139,3340.0887177837144
768.1489492815531,10.10.2.6,10195,10.10.1.6,11041,2226.4180143425233
768.6961984778777,10.10.2.6,10003,10.10.1.8,11185,2448.1519701541765
768.732155592671,10.10.2.6,10120,10.10.1.9,11045,49076776.656101234
768.7927159242649,10.10.2.6,10085,10.10.1.16,11098,596655.8438227683
768.8796758640369,10.10.2.6,10109,10.10.1.11,11141,9542.39293540767
768.9635717529834,10.10.2.6,10097,10.10.1.8,11167,36461.46253555287
769.0287104966511,10.10.2.6,10089,10.10.1.6,11191,53486.90087158124
769.1038263641208,10.10.2.6,10187,10.10.1.14,11051,19142.86964973985
769.5277085538512,10.10.2.6,10050,10.10.1.16,11108,10551.198991228353
769.561028573248,10.10.2.6,10043,10.10.1.10,11050,58579.994945555736
769.5779121401907,10.10.2.6,10099,10.10.1.7,11084,66965.03225026095
769.5908860773627,10.10.2.6,10187,10.10.1.7,11182,74482.55366434719
769.6238336330472,10.10.2.6,10167,10.10.1.14,11119,3323.164796606268
770.0833339247354,10.10.2.6,10080,10.10.1.7,11080,2128.2065123154966
770.1324150231962,10.10.2.6,10098,10.10.1.14,11175,37116.0190587712
770.2258553380269,10.10.2.6,10131,10.10.1.4,11111,2237.860718530116
770.4093292940676,10.10.2.6,10161,10.10.1.2,11012,10660.606264237465
770.5990884612527,10.10.2.6,10146,10.10.1.11,11139,15089.591700871497
770.6100482287654,10.10.2.6,10109,10.10.1.12,11154,57508.28730053585
770.6338167571627,10.10.2.6,10100,10.10.1.7,11030,3707.707050608824
770.6989877240792,10.10.2.6,10162,10.10.1.3,11142,46169.342345670266
770.7715047150023,10.10.2.6,10111,10.10.1.4,11040,115020.36605084247
770.8136336113408,10.10.2.6,10161,10.10.1.5,11186,9020.230668500548
770.8178175956715,10.10.2.6,10022,10.10.1.4,11121,18211.41200738043
770.8638583951721,10.10.2.6,10060,10.10.1.14,11138,20379.675043338786
770.9603861016699,10.10.2.6,10057,10.10.1.9,11003,38567.400974105156
771.0202146390612,10.10.2.6,10064,10.10.1.3,11158,4197.366848785741
771.1171786952422,10.10.2.6,10167,10.10.1.13,11109,142428795.01970118
771.3172481713151,10.10.2.6,10082,10.10.1.1,11049,2395.8597648860136
771.3426299120325,10.10.2.6,10125,10.10.1.7,11109,15926.17171485167
771.5097215547438,10.10.2.6,10006,10.10.1.7,11138,42245838.19108531
771.546356086116,10.10.2.6,10063,10.10.1.5,11005,34295900.01332044
771.554506344752,10.10.2.6,10052,10.10.1.7,11047,1561.2127785277826
771.7281729375104,10.10.2.6,10151,10.10.1.11,11083,6019399.226492023
771.7897556775671,10.10.2.6,10196,10.10.1.8,11173,5119.351815591494
771.8708841809711,10.10.2.6,10020,10.10.1.14,11130,2015.8518306834926
772.0468061390303,10.10.2.6,10086,10.10.1.14,11061,41625.04766147394
772.0521043601042,10.10.2.6,10023,10.10.1.14,11133,5388126.943153427
772.1176420355017,10.10.2.6,10169,10.10.1.15,11048,4930.335477542993
772.2449894893527,10.10.2.6,10086,10.10.1.3,11028,4071930.833301036
772.3267573374351,10.10.2.6,10195,10.10.1.14,11089,4781938.710941204
772.4723944473353,10.10.2.6,10039,10.10.1.1,11074,18000.014886964957
772.7139074137483,10.10.2.6,10046,10.10.1.11,11160,5980.598053858339
772.7679000487004,10.10.2.6,10102,10.10.1.10,11015,37649566.53414932
772.8505900264051,10.10.2.6,10117,10.10.1.12,11036,10184.927254061837
772.9103093631312,10.10.2.6,10065,10.10.1.16,11165,23922.99300378496
772.9209427976949,10.10.2.6,10029,10.10.1.12,11188,7771.435852355376
773.1743042444376,10.10.2.6,10075,10.10.1.5,11115,10749.456135253755
773.211328770289,10.10.2.6,10169,10.10.1.7,11175,9334.060486970067
773.268275496595,10.10.2.6,10031,10.10.1.12,11017,8484.342149621245
773.3748201771155,10.10.2.6,10173,10.10.1.15,11050,1992.5724401789691
773.4702241696175,10.10.2.6,10183,10.10.1.9,11065,4742.013277856042
773.5479392646238,10.10.2.6,10141,10.10.1.15,11052,35039.102687900224
773.580511132553,10.10.2.6,10077,10.10.1.5,11134,2229.8143238709736
773.6768269337329,10.10.2.6,10036,10.10.1.1,11063,25416.902199289736
773.6793311017128,10.10.2.6,10176,10.10.1.7,11198,4775.129329217037
773.8004343392225,10.10.2.6,10163,10.10.1.8,11104,3438.114628100941
773.9428903734187,10.10.2.6,10052,10.10.1.10,11193,23082.156298476217
774.0259446216241,10.10.2.6,10078,10.10.1.9,11008,1698.1987466620872
774.071458293755,10.10.2.6,10135,10.10.1.15,11051,110702.57495773706
774.2200305172889,10.10.2.6,10007,10.10.1.13,11162,1812.7232460212508
774.2981218620686,10.10.2.6,10068,10.10.1.12,11099,4728.219825447617
774.3189725621135,10.10.2.6,10055,10.10.1.14,11184,7463.6599183579165
774.3281988525945,10.10.2.6,10071,10.10.1.14,11184,30541732.073631868
774.4209645260879,10.10.2.6,10112,10.10.1.6,11191,46599260.881961256
774.7987577009543,10.10.2.6,10156,10.10.1.11,11162,1695.653961032796
774.8816862141373,10.10.2.6,10027,10.10.1.10,11071,2904.240503432862
774.9062267512364,10.10.2.6,10187,10.10.1.9,11087,15144.81500224675
775.0747455020966,10.10.2.6,10007,10.10.1.10,11077,5532441.4791685585
775.3063983950917,10.10.2.6,10058,10.10.1.4,11066,6868.269792596637
775.3447357487298,10.10.2.6,10146,10.10.1.1,11074,23526.987500035466
775.5380606236761,10.10.2.6,10061,10.10.1.9,11059,6688.9357026981
775.5652661908035,10.10.2.6,10020,10.10.1.11,11139,9721.682662943884
775.6972789123467,10.10.2.6,10083,10.10.1.15,11187,7408.572289539413
775.7075240357524,10.10.2.6,10141,10.10.1.7,11085,7843.4576869972725
775.7600531089986,10.10.2.6,10079,10.10.1.13,11166,33670.89020559203
775.7629038035803,10.10.2.6,10056,10.10.1.6,11006,10991118.171700068
775.9807512891647,10.10.2.6,10040,10.10.1.7,11142,1570.6704826868504
775.9817613905112,10.10.2.6,10063,10.10.1.11,11003,17247.28574674416
776.3333700332305,10.10.2.6,10027,10.10.1.8,11159,19330.747427070986
776.3401940494613,10.10.2.6,10156,10.10.1.2,11041,227144.56999897296
776.4481036536625,10.10.2.6,10051,10.10.1.4,11107,32851.614418069905
776.4671004366139,10.10.2.6,10124,10.10.1.1,11111,1833207451.9213233
776.6831788704148,10.10.2.6,10022,10.10.1.7,11198,15096.80638803993
776.706017542088,10.10.2.6,10044,10.10.1.11,11194,36217963.64611671
776.8043426798163,10.10.2.6,10098,10.10.1.16,11191,105875.93824779584
776.8272606201083,10.10.2.6,10059,10.10.1.1,11155,36773994.83754568
776.8656509878623,10.10.2.6,10065,10.10.1.14,11014,31281.98987513747
776.9213691231608,10.10.2.6,10123,10.10.1.12,11143,12424.818760663518
776.9486212532049,10.10.2.6,10103,10.10.1.6,11076,2207.331236602931
776.9654958815617,10.10.2.6,10171,10.10.1.6,11149,34160.142691208894
776.9942424096379,10.10.2.6,10035,10.10.1.15,11182,40281948.46840592
777.1296296470871,10.10.2.6,10035,10.10.1.16,11145,1593.3490255095026
777.1397096539558,10.10.2.6,10098,10.10.1.2,11067,36026.647644835415
777.1669085796102,10.10.2.6,10024,10.10.1.12,11069,9473.932126421476
777.2755743494112,10.10.2.6,10077,10.10.1.9,11073,68316.5328994902
777.3462870953086,10.10.2.6,10175,10.10.1.11,11045,2487.973186198455
777.7967696117524,10.10.2.6,10134,10.10.1.5,11183,949362.6631909666
777.9384146066627,10.10.2.6,10120,10.10.1.15,11175,31620144.141910143
778.0592558448989,10.10.2.6,10026,10.10.1.5,11090,16963.62316818744
778.1187844753101,10.10.2.6,10142,10.10.1.14,11188,5816.086183513308
778.2309180571531,10.10.2.6,10166,10.10.1.14,11139,47701455.39819985
778.4245746110428,10.10.2.6,10148,10.10.1.7,11100,30824.819299388608
778.5774680895173,10.10.2.6,10176,10.10.1.5,11131,24600.685631918
778.9553937560588,10.10.2.6,10006,10.10.1.10,11076,8982.20954339098
779.1509804419305,10.10.2.6,10052,10.10.1.7,11104,2415.3687819158617
779.1940261669095,10.10.2.6,10141,10.10.1.3,11082,1516.9528090917224
779.3414708432542,10.10.2.6,10011,10.10.1.13,11138,5117.293365864415
779.6299189046337,10.10.2.6,10113,10.10.1.11,11150,1716.5952772936469
779.6374471404931,10.10.2.6,10090,10.10.1.3,11049,33534550.909479845
779.6576524459289,10.10.2.6,10167,10.10.1.11,11105,5744.06728570574
779.6822536261635,10.10.2.6,10184,10.10.1.6,11036,3460.147554946048
779.8088800079197,10.10.2.6,10156,10.10.1.6,11012,3823.46458168792
779.8578558586007,10.10.2.6,10118,10.10.1.12,11035,24591.91077649809
780.0321148385195,10.10.2.6,10001,10.10.1.14,11082,22916.128879189793
780.2383040798917,10.10.2.6,10177,10.10.1.4,11191,12001.492697477352
780.3020105554398,10.10.2.6,10047,10.10.1.6,11006,25449.93097301123
780.3554389064656,10.10.2.6,10127,10.10.1.2,11099,5465.927725513685
780.3717128777699,10.10.2.6,10146,10.10.1.8,11137,43360.58143377875
780.4078095495446,10.10.2.6,10039,10.10.1.12,11128,86318880.03700088
780.5391329596318,10.10.2.6,10061,10.10.1.16,11072,2145.5023552820494
780.6026291607244,10.10.2.6,10196,10.10.1.4,11168,2307.220547758133
780.7271890299332,10.10.2.6,10078,10.10.1.4,11069,9060.974049662651
780.7596887502173,10.10.2.6,10153,10.10.1.10,11153,44031.34234115191
780.7668656665212,10.10.2.6,10117,10.10.1.9,11047,29695.21819820322
780.7686074346068,10.10.2.6,10054,10.10.1.6,11110,4871.959342445019
780.858143972393,10.10.2.6,10035,10.10.1.7,11046,35819935.67323874
780.8886181531361,10.10.2.6,10006,10.10.1.6,11058,1619.4475507463576
780.9111172985101,10.10.2.6,10130,10.10.1.11,11019,5411.659526499813
780.9229097266478,10.10.2.6,10022,10.10.1.4,11011,4953.1440915283465
780.9867121770938,10.10.2.6,10048,10.10.1.2,11127,69713.81461205063
781.0805884083358,10.10.2.6,10180,10.10.1.14,11197,22423.942373670896
781.2472666492705,10.10.2.6,10153,10.10.1.11,11079,72601.28835089633
781.5515339652958,10.10.2.6,10145,10.10.1.6,11060,2880.912588657942
781.6166693954731,10.10.2.6,10189,10.10.1.16,11143,39802.838506539854
781.980186058537,10.10.2.6,10142,10.10.1.6,11160,529471.704432489
782.1271357441349,10.10.2.6,10141,10.10.1.15,11023,4902695.051706648
782.2079424970958,10.10.2.6,10015,10.10.1.5,11026,7855.300843991125
782.3380708960634,10.10.2.6,10053,10.10.1.2,11060,3527.7162401549954
782.342101925921,10.10.2.6,10011,10.10.1.14,11178,10677.416102697573
782.369055990163,10.10.2.6,10029,10.10.1.1,11080,9255.471273248266
782.3968113636557,10.10.2.6,10035,10.10.1.5,11019,55343.15947076533
782.4644557029243,10.10.2.6,10056,10.10.1.11,11023,11461.710306130144
782.5647380858554,10.10.2.6,10025,10.10.1.16,11051,4134183.845685693
782.6183844467114,10.10.2.6,10104,10.10.1.7,11169,5558920.382839969
782.7476260236181,10.10.2.6,10022,10.10.1.7,11170,19204.571787316705
782.8395108854689,10.10.2.6,10098,10.10.1.4,11003,23284.976596412664
782.8486169111267,10.10.2.6,10140,10.10.1.11,11027,1933.2108038809472
782.8550245803198,10.10.2.6,10082,10.10.1.9,11039,1111933.5814967707
782.8552646723875,10.10.2.6,10000,10.10.1.15,11001,961231.7659890002
782.8678468411084,10.10.2.6,10115,10.10.1.10,11197,11053.927070414142
782.8888513222638,10.10.2.6,10182,10.10.1.6,11007,64220.4830848115
782.922083300043,10.10.2.6,10128,10.10.1.6,11107,40229.050823012425
782.9404585028918,10.10.2.6,10007,10.10.1.1,11159,1868.8253883434136
782.9821768698934,10.10.2.6,10096,10.10.1.7,11120,4803.789984100774
783.034016970924,10.10.2.6,10137,10.10.1.14,11076,11879.260127209423
783.0404646207733,10.10.2.6,10052,10.10.1.4,11098,1925.2579291831833
783.2513077219603,10.10.2.6,10102,10.10.1.2,11027,603579.4975079132
783.3245014295331,10.10.2.6,10190,10.10.1.12,11053,6559.879089019594
783.3395296984316,10.10.2.6,10161,10.10.1.7,11064,26489.94625000754
783.396406671966,10.10.2.6,10030,10.10.1.4,11186,101149.75721557069
783.4453344694911,10.10.2.6,10138,10.10.1.8,11164,100120.55497380543
783.4650893194988,10.10.2.6,10140,10.10.1.8,11001,9391.043045268196
783.5107461673715,10.10.2.6,10023,10.10.1.16,11105,3961529.3698021304
783.5489074512138,10.10.2.6,10026,10.10.1.16,11004,1542.6949404167096
783.5649896808039,10.10.2.6,10189,10.10.1.3,11053,72232.78365739544
783.7378515901859,10.10.2.6,10048,10.10.1.14,11041,1748.7325843094193
783.7387743680068,10.10.2.6,10177,10.10.1.14,11148,25116.112934597066
783.7426827015285,10.10.2.6,10037,10.10.1.4,11083,2454.8954604736505
783.7899211670995,10.10.2.6,10002,10.10.1.14,11038,35883.29295490979
783.8416713371262,10.10.2.6,10069,10.10.1.6,11103,1922.4889091056061
783.9220838764998,10.10.2.6,10119,10.10.1.13,11127,1544.4265951976513
784.0257322459255,10.10.2.6,10185,10.10.1.3,11021,4953334.07812507
784.0682195092897,10.10.2.6,10129,10.10.1.1,11051,6741.928096632007
784.2087427487177,10.10.2.6,10193,10.10.1.3,11002,2004.3528940025633
784.3135996651688,10.10.2.6,10150,10.10.1.16,11139,2344.195483807866
784.3219687247589,10.10.2.6,10009,10.10.1.6,11119,4555763.18161456
784.386786686136,10.10.2.6,10017,10.10.1.3,11129,41996.98651234992
784.5339499765969,10.10.2.6,10086,10.10.1.15,11043,33883709.24091549
784.6425564670614,10.10.2.6,10058,10.10.1.15,11104,473900.6020665816
784.7325321581691,10.10.2.6,10186,10.10.1.6,11151,36230.70383269516
784.7480791488454,10.10.2.6,10043,10.10.1.9,11042,4713.7401996573935
784.7918608443972,10.10.2.6,10109,10.10.1.11,11100,23245.64005403934
784.9017745984872,10.10.2.6,10011,10.10.1.1,11189,32332.288611965523
784.9216191992817,10.10.2.6,10085,10.10.1.5,11136,1618.2200573697758
784.9610263321634,10.10.2.6,10060,10.10.1.13,11099,5179.875673140152
784.9791018990788,10.10.2.6,10096,10.10.1.10,11183,7565.282550919287
784.9816120833998,10.10.2.6,10047,10.10.1.15,11029,36323766.01306254
785.0027930947637,10.10.2.6,10106,10.10.1.3,11195,1574.3090201890734
785.0340332010392,10.10.2.6,10102,10.10.1.9,11001,9563.071085607777
785.0796459773256,10.10.2.6,10136,10.10.1.7,11163,4419.195427686209
785.0936263987792,10.10.2.6,10041,10.10.1.14,11009,51636.96831892674
785.114511784734,10.10.2.6,10185,10.10.1.9,11054,60488.0997413853
785.3654616154569,10.10.2.6,10086,10.10.1.16,11038,18960.901431682178
785.368149336426,10.10.2.6,10119,10.10.1.1,11097,52424.62537805274
785.4546325836916,10.10.2.6,10026,10.10.1.15,11119,47785.55361779475
785.5528047189813,10.10.2.6,10076,10.10.1.9,11000,134019858.33939622
785.5572800154085,10.10.2.6,10132,10.10.1.8,11050,5525.602649365679
785.6463364519607,10.10.2.6,10061,10.10.1.7,11055,2208.9015030153323
785.6791568150369,10.10.2.6,10054,10.10.1.11,11157,2463.6665225445254
785.7227013685974,10.10.2.6,10165,10.10.1.9,11195,17342.6325177783
785.7758516663249,10.10.2.6,10197,10.10.1.3,11097,21112.338149905725
785.8792763736892,10.10.2.6,10091,10.10.1.10,11139,5716.536695094262
785.9423534278844,10.10.2.6,10172,10.10.1.9,11064,46569158.98077266
786.0658584541619,10.10.2.6,10049,10.10.1.8,11146,10821.195095041305
786.1860600938755,10.10.2.6,10038,10.10.1.7,11121,2470.522108452385
786.2202303136828,10.10.2.6,10157,10.10.1.3,11154,10567.69729892481
786.3272529586771,10.10.2.6,10108,10.10.1.14,11008,3245.926333532977
786.3374451939436,10.10.2.6,10193,10.10.1.1,11124,4582756.865186145
786.4581180840258,10.10.2.6,10161,10.10.1.9,11097,22453.78153650392
786.5142962297473,10.10.2.6,10052,10.10.1.4,11165,25015.644651054332
786.5700272840559,10.10.2.6,10169,10.10.1.1,11036,39191450.19551672
786.6437223906817,10.10.2.6,10057,10.10.1.2,11127,61265.26861376711
786.7915666753698,10.10.2.6,10120,10.10.1.13,11085,48965.715655382366
787.2951062364647,10.10.2.6,10009,10.10.1.10,11054,111438649.3642027
787.3828116945326,10.10.2.6,10107,10.10.1.5,11176,508143.14846051746
787.4678990168566,10.10.2.6,10175,10.10.1.13,11058,22679.015946386953
787.5346025128895,10.10.2.6,10114,10.10.1.5,11164,25277.857848955326
787.5893559720823,10.10.2.6,10006,10.10.1.15,11167,99422.61801284162
787.9986798041888,10.10.2.6,10134,10.10.1.16,11133,1616.7835381232226
788.100175948251,10.10.2.6,10042,10.10.1.9,11024,65438.307699146746
788.1245467937142,10.10.2.6,10068,10.10.1.11,11159,4558.731227109347
788.1355287028441,10.10.2.6,10046,10.10.1.11,11154,134863641.4348857
788.2279808717258,10.10.2.6,10089,10.10.1.6,11030,117234.861553693
788.2409472568081,10.10.2.6,10056,10.10.1.10,11040,1187083.28807196
788.465303492241,10.10.2.6,10071,10.10.1.16,11192,16370.74654404643
788.5039563905259,10.10.2.6,10100,10.10.1.10,11146,87429958.49747609
788.9806058871728,10.10.2.6,10104,10.10.1.8,11084,79334.48667330129
789.1305181084231,10.10.2.6,10159,10.10.1.15,11119,3813.6094955405288
789.1983360730294,10.10.2.6,10123,10.10.1.8,11122,98103.04736910315
789.3900371794332,10.10.2.6,10144,10.10.1.5,11188,3754.8567380494164
789.5375097103887,10.10.2.6,10167,10.10.1.16,11014,70220943.53468329
789.5648940352564,10.10.2.6,10016,10.10.1.8,11040,2421.6438667855514
789.938641469112,10.10.2.6,10112,10.10.1.7,11071,6990.0795145084585
789.9398769442504,10.10.2.6,10039,10.10.1.3,11108,43475.406225467275
789.9681597738661,10.10.2.6,10175,10.10.1.9,11111,89465.83002136185
789.9964175115146,10.10.2.6,10002,10.10.1.4,11012,68682.0673908948
790.0055899586711,10.10.2.6,10104,10.10.1.11,11125,3066.5735066274106
790.3345774958046,10.10.2.6,10095,10.10.1.12,11089,22158.583559859424
790.4033015222686,10.10.2.6,10042,10.10.1.11,11101,23370.48198141021
790.4617111823202,10.10.2.6,10162,10.10.1.8,11073,8273.084505332932
790.4629822220974,10.10.2.6,10079,10.10.1.6,11002,8714.472873793373
790.5583353364988,10.10.2.6,10186,10.10.1.5,11128,56983.79000841026
790.6004610739768,10.10.2.6,10035,10.10.1.3,11129,4009175593.4495277
791.0339180836315,10.10.2.6,10177,10.10.1.16,11103,2283.991374476595
791.1454326504622,10.10.2.6,10134,10.10.1.10,11025,37399444.60929525
791.1979089864908,10.10.2.6,10176,10.10.1.3,11097,47106920.303893134
791.282420733592,10.10.2.6,10002,10.10.1.1,11176,73823.67125446216
791.3898368758584,10.10.2.6,10172,10.10.1.6,11102,7857.137964227495
791.5032344813616,10.10.2.6,10087,10.10.1.6,11073,1792.5865056524094
791.5921601052711,10.10.2.6,10006,10.10.1.1,11028,31255.91814160674
791.6056432827761,10.10.2.6,10025,10.10.1.12,11005,27468.409806961547
791.780818615186,10.10.2.6,10155,10.10.1.5,11130,5119.223273434587
791.9711497574636,10.10.2.6,10101,10.10.1.11,11038,18137.991868469355
792.1414263562878,10.10.2.6,10024,10.10.1.13,11142,16711.196925541804
792.1589816601065,10.10.2.6,10182,10.10.1.12,11154,38414.836252398214
792.1790995207749,10.10.2.6,10131,10.10.1.2,11086,1564.3977597962278
792.217051891065,10.10.2.6,10129,10.10.1.5,11042,594498.3011292662
792.2820151095834,10.10.2.6,10060,10.10.1.15,11163,10502.657266544289
792.4183968410505,10.10.2.6,10152,10.10.1.16,11029,3091.995063542744
792.4894968422803,10.10.2.6,10069,10.10.1.13,11035,3757828.301488133
792.4942662667371,10.10.2.6,10134,10.10.1.7,11091,6109231.769501964
792.5379106874817,10.10.2.6,10125,10.10.1.6,11164,5952.002489301327
792.5428189648801,10.10.2.6,10024,10.10.1.1,11012,3779.6703048848663
792.7739700829596,10.10.2.6,10019,10.10.1.3,11166,20560.88228074009
792.8898008851061,10.10.2.6,10089,10.10.1.1,11017,453091.174313406
792.9407450588516,10.10.2.6,10152,10.10.1.15,11002,3354.0952794542022
793.082365853327,10.10.2.6,10166,10.10.1.10,11036,4388306.900202655
793.1211453637081,10.10.2.6,10161,10.10.1.4,11085,18612.082331784168
793.1703121909828,10.10.2.6,10193,10.10.1.12,11170,64378.79020141192
793.2524412032823,10.10.2.6,10113,10.10.1.16,11088,99053.94641639189
793.3822545915897,10.10.2.6,10191,10.10.1.16,11076,1891.6414204652988
793.4233279996688,10.10.2.6,10083,10.10.1.14,11147,3245.3889252916465
793.5033815356607,10.10.2.6,10149,10.10.1.6,11190,37487.54521389998
793.5330078887421,10.10.2.6,10033,10.10.1.8,11183,3475.614086623732
793.6310903978934,10.10.2.6,10167,10.10.1.2,11106,6991.15501394223
793.7007299477514,10.10.2.6,10059,10.10.1.1,11166,1754567117.4314716
793.7398749729632,10.10.2.6,10066,10.10.1.5,11193,827517.4587794836
793.8079516602903,10.10.2.6,10098,10.10.1.2,11121,3945994.193767372
793.949237062377,10.10.2.6,10122,10.10.1.15,11104,1717.3124536926505
794.1210542489403,10.10.2.6,10039,10.10.1.15,11056,3419.439266663628
794.1683547092806,10.10.2.6,10006,10.10.1.7,11086,27492.79384128227
794.5160812654312,10.10.2.6,10008,10.10.1.9,11166,4920445.921254634
794.5254224018122,10.10.2.6,10155,10.10.1.9,11071,7214.356434931779
794.530680699536,10.10.2.6,10064,10.10.1.8,11000,16794.824395537344
794.7107013795207,10.10.2.6,10051,10.10.1.16,11121,817590.896682725
794.8518949332769,10.10.2.6,10070,10.10.1.16,11053,15016.00472141752
794.8632846070024,10.10.2.6,10171,10.10.1.10,11160,4984606.594811939
794.8765373080955,10.10.2.6,10179,10.10.1.14,11045,28229.52316950231
794.8983907509562,10.10.2.6,10106,10.10.1.11,11157,8881.742639654947
795.033441425244,10.10.2.6,10087,10.10.1.16,11171,16585.490915380138
795.0615338838708,10.10.2.6,10159,10.10.1.14,11079,4396.593377029054
795.1360304815304,10.10.2.6,10103,10.10.1.11,11163,28008.38296033172
795.1849537718283,10.10.2.6,10032,10.10.1.10,11124,3078.675945912235
795.3239729088656,10.10.2.6,10165,10.10.1.13,11050,7888.592906253049
795.3650747770207,10.10.2.6,10196,10.10.1.5,11121,24726.991365608057
795.3718711430575,10.10.2.6,10119,10.10.1.1,11062,71571.71224400737
795.4533693935964,10.10.2.6,10137,10.10.1.16,11082,15102.436303799846
795.5513536418079,10.10.2.6,10090,10.10.1.11,11036,7500673.074493866
795.7477974591812,10.10.2.6,10078,10.10.1.1,11151,3149.4952004741544
795.7844469717604,10.10.2.6,10145,10.10.1.2,11017,34497.550355298226
795.9170486109032,10.10.2.6,10112,10.10.1.6,11091,9490.423668341919
796.0654648046393,10.10.2.6,10024,10.10.1.2,11141,4970783.20832783
796.1614148618495,10.10.2.6,10123,10.10.1.2,11042,10477.243413257602
796.1792627842945,10.10.2.6,10056,10.10.1.2,11082,2458.4334331396426
796.2910969779011,10.10.2.6,10131,10.10.1.4,11165,101369.42758138683
796.3019531929349,10.10.2.6,10174,10.10.1.6,11001,7592.163909197795
796.4874924823405,10.10.2.6,10187,10.10.1.9,11197,5587267.883745251
796.5575990341072,10.10.2.6,10135,10.10.1.6,11142,24517.558365252
796.7510333029346,10.10.2.6,10081,10.10.1.11,11163,23327.569013356126
796.7931383989389,10.10.2.6,10064,10.10.1.4,11113,4293.170737731743
796.8129403939018,10.10.2.6,10118,10.10.1.12,11007,6062506.919102903
796.8184366635804,10.10.2.6,10156,10.10.1.1,11065,17287.43077541221
796.871676767905,10.10.2.6,10197,10.10.1.10,11079,21713.78591390773
797.0006706123542,10.10.2.6,10001,10.10.1.9,11163,3663.9462438589608
797.028392939685,10.10.2.6,10195,10.10.1.4,11103,100394.95307939612
797.0414598513478,10.10.2.6,10056,10.10.1.12,11065,6028.168158018822
797.0432194277291,10.10.2.6,10080,10.10.1.16,11091,46714.983373065945
797.1075676079187,10.10.2.6,10142,10.10.1.12,11188,495229.2499950065
797.1244262281535,10.10.2.6,10149,10.10.1.13,11041,9412.871704891586
797.2775094053009,10.10.2.6,10132,10.10.1.2,11125,48756.000773273576
797.2897682197114,10.10.2.6,10003,10.10.1.4,11047,1651.4290264991655
797.3469148314367,10.10.2.6,10127,10.10.1.16,11035,2020.9446144225553
797.3560438855383,10.10.2.6,10032,10.10.1.10,11072,93345.5366357676
797.4655518725095,10.10.2.6,10132,10.10.1.5,11162,41415782.693054676
797.6375360667244,10.10.2.6,10057,10.10.1.12,11063,2425.1650747683934
797.6812306545254,10.10.2.6,10143,10.10.1.7,11180,5258095.04831605
797.6958810075511,10.10.2.6,10052,10.10.1.11,11130,1995.6052598515191
797.7724932843815,10.10.2.6,10044,10.10.1.8,11025,21980.717993207938
797.8375150953567,10.10.2.6,10003,10.10.1.13,11078,15786.323476266276
797.8948269407114,10.10.2.6,10100,10.10.1.13,11099,8213.662948001853
797.8983372081008,10.10.2.6,10105,10.10.1.11,11035,1673.1230573950397
798.2001336928519,10.10.2.6,10102,10.10.1.4,11015,5922019.868717554
798.2639843693896,10.10.2.6,10167,10.10.1.16,11146,66657654.65959968
798.7048989493946,10.10.2.6,10129,10.10.1.14,11169,2072.82607740012
798.7227032895971,10.10.2.6,10101,10.10.1.5,11168,8140.5470467998475
798.7677697343534,10.10.2.6,10018,10.10.1.6,11002,10117003.788235506
798.7796900644548,10.10.2.6,10044,10.10.1.5,11047,42339605.33409981
798.9281834841493,10.10.2.6,10123,10.10.1.13,11115,7729.498625005741
799.1408306993392,10.10.2.6,10110,10.10.1.16,11185,4985472.57816781
799.3282117531191,10.10.2.6,10038,10.10.1.11,11160,50538.5661909033
799.3541335910694,10.10.2.6,10080,10.10.1.10,11110,207928.9195937798
799.3585853724504,10.10.2.6,10022,10.10.1.6,11091,24831.510484838243
799.4220736066529,10.10.2.6,10019,10.10.1.12,11188,19191.09930629184
799.5755131502203,10.10.2.6,10114,10.10.1.14,11105,4796.696905725175
799.5848018048165,10.10.2.6,10044,10.10.1.6,11177,5856827.271601037
799.6581375778326,10.10.2.6,10025,10.10.1.3,11017,18308.29453835792
799.8247867709536,10.10.2.6,10024,10.10.1.3,11166,5482.921102810978
799.9703190750446,10.10.2.6,10033,10.10.1.15,11161,30295.625001111344
800.1641461578531,10.10.2.6,10185,10.10.1.6,11161,59658.13247014066
800.3209659176778,10.10.2.6,10100,10.10.1.14,11023,2334.380162574538
800.3808505944932,10.10.2.6,10067,10.10.1.10,11114,42596521.6679853
800.4361596885075,10.10.2.6,10141,10.10.1.8,11083,4171.837608112959
800.5325085024971,10.10.2.6,10048,10.10.1.10,11109,12383.785748424112
800.6777248178455,10.10.2.6,10090,10.10.1.16,11149,6248.827206901563
800.7231823448674,10.10.2.6,10062,10.10.1.12,11183,2071.635471556805
800.787441455956,10.10.2.6,10021,10.10.1.14,11081,41241.44025001943
800.7964269149803,10.10.2.6,10018,10.10.1.2,11010,33626.428823626025
800.8704870274835,10.10.2.6,10102,10.10.1.5,11182,7567.090345623837
801.0283267095692,10.10.2.6,10132,10.10.1.7,11134,21147.31979132776
801.248451985382,10.10.2.6,10180,10.10.1.7,11142,9598.564669887179
801.3575177168979,10.10.2.6,10162,10.10.1.15,11083,28682.397427126354
801.3692094637726,10.10.2.6,10094,10.10.1.1,11115,3111.3106475250324
801.4892932888228,10.10.2.6,10040,10.10.1.16,11010,32716.388927387834
801.5307821644999,10.10.2.6,10008,10.10.1.7,11069,31928.406755513326
801.5326498618722,10.10.2.6,10057,10.10.1.15,11108,20809.003724099566
801.5432641285757,10.10.2.6,10195,10.10.1.11,11054,74438781.4389869
801.8178192120585,10.10.2.6,10185,10.10.1.6,11110,4952.017019253959
801.8233225344673,10.10.2.6,10064,10.10.1.13,11168,5243.451374949158
801.862047066718,10.10.2.6,10054,10.10.1.10,11103,48953091.6910274
802.0006258211595,10.10.2.6,10166,10.10.1.9,11119,208331.25765069292
802.0189411976461,10.10.2.6,10103,10.10.1.4,11074,10416.486333553523
802.0715034543969,10.10.2.6,10081,10.10.1.4,11086,2472.1094501376315
802.1144494089257,10.10.2.6,10152,10.10.1.6,11067,9370.48757076049
802.2714904125489,10.10.2.6,10145,10.10.1.12,11155,2226.5656866273825
802.2725617702131,10.10.2.6,10017,10.10.1.7,11100,3330.629001098853
802.3592133922278,10.10.2.6,10136,10.10.1.3,11168,2086.3973890869875
802.3941069609917,10.10.2.6,10057,10.10.1.2,11191,9153.24827323757
802.4227371193678,10.10.2.6,10082,10.10.1.16,11103,4914506.237554978
802.4988054110349,10.10.2.6,10176,10.10.1.13,11104,3973971.435729866
802.6528369960265,10.10.2.6,10122,10.10.1.15,11012,2647.5682030397584
802.7100340054435,10.10.2.6,10022,10.10.1.6,11031,2836.564009844901
802.7148709676841,10.10.2.6,10055,10.10.1.14,11163,6837.832479683326
802.7239464340569,10.10.2.6,10062,10.10.1.6,11037,4987.413116815664
802.7244415963079,10.10.2.6,10032,10.10.1.15,11157,5596.903005558708
802.8085348725143,10.10.2.6,10186,10.10.1.1,11032,6276.356851272027
802.8538206776021,10.10.2.6,10077,10.10.1.3,11000,34146.84330328719
802.8967301896038,10.10.2.6,10126,10.10.1.1,11168,25822.901930002856
802.9133124131885,10.10.2.6,10067,10.10.1.11,11013,11273.501426798195
802.9342450524222,10.10.2.6,10062,10.10.1.1,11033,1637.356770118982
802.9421456730222,10.10.2.6,10045,10.10.1.7,11124,12265.564871447117
802.9644313492693,10.10.2.6,10072,10.10.1.13,11125,32454.536259781013
802.9795804128356,10.10.2.6,10025,10.10.1.5,11139,5784809.2467735745
803.0483259851704,10.10.2.6,10198,10.10.1.1,11194,16534.60573728493
803.0635653142754,10.10.2.6,10161,10.10.1.14,11185,41224.17063528556
803.1052113425054,10.10.2.6,10177,10.10.1.2,11107,2142.2873629340475
803.2348171335514,10.10.2.6,10117,10.10.1.8,11039,19894.876545028266
803.2671954537661,10.10.2.6,10075,10.10.1.15,11107,15492.465645434377
803.4643790964379,10.10.2.6,10119,10.10.1.1,11157,2475.7709268679255
803.5565314825212,10.10.2.6,10066,10.10.1.15,11073,2220.381612856087
803.8022285604595,10.10.2.6,10027,10.10.1.11,11148,2453.7769393299977
803.8557678871398,10.10.2.6,10110,10.10.1.15,11114,3767003.8292233422
803.9085253947186,10.10.2.6,10186,10.10.1.12,11082,3439.9448274320407
803.9135894590306,10.10.2.6,10055,10.10.1.2,11052,48480.95847377165
804.0583425331439,10.10.2.6,10126,10.10.1.15,11010,7659.676073683629
804.2661986185625,10.10.2.6,10044,10.10.1.5,11034,145217952.32628328
804.2833198492431,10.10.2.6,10099,10.10.1.2,11189,17464.249799272235
804.3347095233102,10.10.2.6,10106,10.10.1.6,11007,34902.235389831076
804.3411216488427,10.10.2.6,10108,10.10.1.1,11166,3266.037346825118
804.3503184707064,10.10.2.6,10111,10.10.1.5,11156,117133.57931904742
804.354376369348,10.10.2.6,10029,10.10.1.1,11081,18349.233952673538
804.3989727638073,10.10.2.6,10023,10.10.1.11,11082,29850.304067288005
804.6838732421212,10.10.2.6,10023,10.10.1.13,11122,4516682227.400084
804.7112677884688,10.10.2.6,10045,10.10.1.2,11114,3850.848011387588
804.7796008187144,10.10.2.6,10042,10.10.1.8,11081,2204.975765814546
804.8060768394088,10.10.2.6,10027,10.10.1.6,11175,7480.064916740273
804.8306268047687,10.10.2.6,10058,10.10.1.14,11024,2157.099639443241
804.8507640358789,10.10.2.6,10061,10.10.1.8,11122,3382.714025986377
804.9028920559437,10.10.2.6,10041,10.10.1.12,11124,41066979.76369082
804.9590175129964,10.10.2.6,10181,10.10.1.10,11053,34877.62981079307
805.0111135803413,10.10.2.6,10038,10.10.1.8,11145,20797.237909266438
805.0777486418401,10.10.2.6,10075,10.10.1.11,11174,4681918.851842649
805.1603918673098,10.10.2.6,10158,10.10.1.10,11189,36925.29895174815
805.2461332438005,10.10.2.6,10083,10.10.1.15,11120,121686.36881700823
805.4087401794714,10.10.2.6,10150,10.10.1.8,11131,6440.624912406815
805.420863409287,10.10.2.6,10057,10.10.1.5,11002,212319.92168187883
805.4584622987321,10.10.2.6,10168,10.10.1.12,11151,17043.66940566894
805.6538078699898,10.10.2.6,10061,10.10.1.12,11158,6967.237372211113
805.6541836383111,10.10.2.6,10105,10.10.1.16,11002,2148.781590647036
805.8059361123593,10.10.2.6,10134,10.10.1.12,11111,20788.49488631864
805.8657439262187,10.10.2.6,10094,10.10.1.11,11060,2067.3309758481187
806.1574948293826,10.10.2.6,10106,10.10.1.1,11175,4527814.745575577
806.4858132019887,10.10.2.6,10035,10.10.1.2,11017,2283.7869834183434
806.8012584027925,10.10.2.6,10017,10.10.1.13,11170,38748418.01182496
806.940684132645,10.10.2.6,10091,10.10.1.9,11046,26511.427054906828
806.9632477513901,10.10.2.6,10192,10.10.1.10,11019,1903.9898945993446
807.0048490115994,10.10.2.6,10065,10.10.1.3,11097,5283.205996535334
807.0463444341549,10.10.2.6,10180,10.10.1.4,11055,18415.998602909393
807.0721675508205,10.10.2.6,10026,10.10.1.8,11183,28312.03545596611
807.1293029097534,10.10.2.6,10027,10.10.1.3,11131,29901.65778783537
807.1317069485324,10.10.2.6,10144,10.10.1.2,11092,30903.820577744667
807.1483624432143,10.10.2.6,10032,10.10.1.1,11169,2089.0860448760964
807.2315466598485,10.10.2.6,10024,10.10.1.15,11074,116046.72567702024
807.250756845316,10.10.2.6,10117,10.10.1.15,11008,2254.568487741204
807.3413821263008,10.10.2.6,10079,10.10.1.5,11110,6219.360123548645
807.3486965210216,10.10.2.6,10135,10.10.1.11,11173,6035.081936540733
807.3585669264595,10.10.2.6,10177,10.10.1.12,11127,65832.76690977484
807.4031425587674,10.10.2.6,10138,10.10.1.4,11187,918597.2468148432
807.4366506627944,10.10.2.6,10087,10.10.1.3,11126,6262.722754233325
807.504359457931,10.10.2.6,10087,10.10.1.16,11018,2268.094695110558
807.7808175054289,10.10.2.6,10121,10.10.1.8,11182,1928.8448338994667
807.8114093111644,10.10.2.6,10007,10.10.1.10,11065,5171.454584493356
807.9316059976618,10.10.2.6,10112,10.10.1.4,11145,617004.505642883
807.9561198713981,10.10.2.6,10082,10.10.1.5,11155,5408.171167009955
808.1031162515912,10.10.2.6,10151,10.10.1.5,11129,120502.06783395652
808.22406045229,10.10.2.6,10196,10.10.1.6,11180,1779.5364856329124
808.4120335804105,10.10.2.6,10084,10.10.1.8,11095,6642.150306658894
808.4324749329518,10.10.2.6,10097,10.10.1.12,11068,1778.647240149434
808.5106713551368,10.10.2.6,10078,10.10.1.10,11018,61937.16097476403
808.5221407620977,10.10.2.6,10073,10.10.1.15,11025,6616.130950789633
808.7510506478231,10.10.2.6,10049,10.10.1.13,11160,3523.0432132270766
808.7901378088804,10.10.2.6,10107,10.10.1.16,11117,3418.2370928354017
808.9076563575478,10.10.2.6,10043,10.10.1.6,11026,16197.125431215145
808.9825431491628,10.10.2.6,10125,10.10.1.11,11185,22044.18052337975
809.0840549570895,10.10.2.6,10016,10.10.1.4,11062,20319.631849053614
809.0936118549262,10.10.2.6,10074,10.10.1.10,11164,25362.86189317996
809.4055842149179,10.10.2.6,10170,10.10.1.2,11014,2054.4394127600603
809.4414796856815,10.10.2.6,10077,10.10.1.11,11003,5707204.437659225
809.5638400951103,10.10.2.6,10104,10.10.1.7,11176,73471817.89857477
809.5652927593082,10.10.2.6,10021,10.10.1.16,11005,5433649.025716005
809.5872236614882,10.10.2.6,10053,10.10.1.14,11035,49977.69640475889
809.6047755431299,10.10.2.6,10005,10.10.1.2,11034,77892.81914378505
809.6553808761952,10.10.2.6,10050,10.10.1.11,11125,2413.238104375526
809.7328370156896,10.10.2.6,10028,10.10.1.2,11058,40270.25868644969
809.8873225469041,10.10.2.6,10011,10.10.1.15,11009,4545805.22396178
809.9366020421083,10.10.2.6,10078,10.10.1.11,11193,2167.4133314270175
810.023806614439,10.10.2.6,10067,10.10.1.7,11198,56306.67880059627
810.1328359908305,10.10.2.6,10051,10.10.1.4,11130,22855.355607469497
810.1808782439307,10.10.2.6,10047,10.10.1.14,11000,23758.580824153523
810.3278108970985,10.10.2.6,10132,10.10.1.14,11156,28078.71296565676
810.5775670363166,10.10.2.6,10006,10.10.1.5,11177,24349.016315289657
810.6354933190073,10.10.2.6,10016,10.10.1.14,11015,10277.446009631196
810.7755128949398,10.10.2.6,10100,10.10.1.7,11026,31867.806405765125
810.778577088488,10.10.2.6,10170,10.10.1.13,11001,67699.75006324235
810.9432161527342,10.10.2.6,10192,10.10.1.8,11134,19631.37087265106
811.062372888072,10.10.2.6,10163,10.10.1.9,11125,18704.908819014996
811.3512233490972,10.10.2.6,10047,10.10.1.13,11014,4157214.3829973596
811.4592127110956,10.10.2.6,10129,10.10.1.13,11076,3424.22977724266
811.4775235772423,10.10.2.6,10181,10.10.1.2,11165,5333321.828453799
811.5805083211242,10.10.2.6,10068,10.10.1.16,11163,10149.694488277844
811.5987830707676,10.10.2.6,10074,10.10.1.16,11158,4603.408542514809
811.6065255415594,10.10.2.6,10183,10.10.1.6,11165,4780.241625085033
811.6207520649134,10.10.2.6,10044,10.10.1.4,11078,2777.5611652211974
811.6327164057429,10.10.2.6,10162,10.10.1.16,11051,27420.271512464416
811.6337265996629,10.10.2.6,10021,10.10.1.5,11027,59805.272380374
811.6652555474543,10.10.2.6,10186,10.10.1.15,11122,3050.85948557804
811.8965655516831,10.10.2.6,10001,10.10.1.9,11050,9324.152539733324
811.9786086841274,10.10.2.6,10168,10.10.1.1,11117,1935.87696526481
812.1896823672417,10.10.2.6,10151,10.10.1.7,11091,31471.772613517795
812.3875921968856,10.10.2.6,10181,10.10.1.14,11192,31897.685217661754
812.4297288723284,10.10.2.6,10112,10.10.1.3,11101,43787.08698135404
812.468247988864,10.10.2.6,10052,10.10.1.8,11049,4391828.39740681
812.4997487183597,10.10.2.6,10106,10.10.1.15,11037,1749.7448867768533
812.6258629826646,10.10.2.6,10160,10.10.1.3,11094,2022.640250361078
812.6629262985336,10.10.2.6,10060,10.10.1.8,11126,17771.547926977048
812.8959388477256,10.10.2.6,10104,10.10.1.2,11176,12114.587452456592
812.9709957269149,10.10.2.6,10153,10.10.1.14,11139,45368708.70110075
812.9804631121933,10.10.2.6,10065,10.10.1.14,11181,38765.03623744535
813.0834517311454,10.10.2.6,10085,10.10.1.14,11072,7531.037310710813
813.1079252784203,10.10.2.6,10048,10.10.1.2,11085,3420.7405793913945
813.1968223011794,10.10.2.6,10033,10.10.1.10,11008,99877.92061652467
813.3385467132256,10.10.2.6,10000,10.10.1.1,11009,5685.643624298791
813.3991659482734,10.10.2.6,10162,10.10.1.4,11147,118089.0270898538
813.576370429776,10.10.2.6,10183,10.10.1.8,11166,4950.552316927233
813.7427435800493,10.10.2.6,10005,10.10.1.1,11192,9382.279444813572
814.0016830441729,10.10.2.6,10176,10.10.1.2,11072,10940.073066835817
814.0255680080558,10.10.2.6,10104,10.10.1.1,11021,4505.082495819441
814.0851251148563,10.10.2.6,10161,10.10.1.3,11063,2406.0090181340734
814.1419680725623,10.10.2.6,10007,10.10.1.7,11169,1515.2646178057057
814.3998618035579,10.10.2.6,10143,10.10.1.2,11063,2205.98163295837
814.448439264887,10.10.2.6,10167,10.10.1.12,11064,1572.4401330594776
814.7011636687209,10.10.2.6,10086,10.10.1.12,11186,24267.01842610307
814.8722549637754,10.10.2.6,10155,10.10.1.1,11054,44964183.25684124
814.8953428559594,10.10.2.6,10145,10.10.1.3,11077,5923.837011707468
814.9369101633771,10.10.2.6,10127,10.10.1.5,11012,1851.2548724151948
815.0363750010507,10.10.2.6,10009,10.10.1.3,11114,1803.995554421949
815.1116032758059,10.10.2.6,10028,10.10.1.15,11067,6758.066822369436
815.1611693710398,10.10.2.6,10172,10.10.1.8,11163,2454.4917982734237
815.2461478250342,10.10.2.6,10021,10.10.1.7,11192,1459285155.0232718
815.2948149107264,10.10.2.6,10075,10.10.1.1,11133,11047.01436117838
815.3130233953731,10.10.2.6,10190,10.10.1.14,11176,1862.9876511524046
815.3797973547261,10.10.2.6,10174,10.10.1.14,11179,48836669.3809269
815.444684431179,10.10.2.6,10152,10.10.1.13,11167,9956.982333237449
815.4671225646626,10.10.2.6,10184,10.10.1.7,11054,110993875.44815835
815.5393665190064,10.10.2.6,10072,10.10.1.1,11113,4128658101.947126
815.5393970766416,10.10.2.6,10159,10.10.1.8,11054,26892.202656690697
815.7912171225508,10.10.2.6,10084,10.10.1.2,11138,17763.675381908084
815.8068380240788,10.10.2.6,10063,10.10.1.5,11103,16983.460288481743
815.8101950533869,10.10.2.6,10075,10.10.1.16,11007,49013903.519154906
815.8134115473022,10.10.2.6,10107,10.10.1.2,11045,100744958.20980582
815.8428077016206,10.10.2.6,10166,10.10.1.16,11148,49524.71962276907
816.0399055868698,10.10.2.6,10192,10.10.1.14,11106,2443.6099353505733
816.1224045926722,10.10.2.6,10017,10.10.1.10,11153,17932.08499420057
816.2929680841962,10.10.2.6,10154,10.10.1.1,11058,74136.90153316298
816.3390917591133,10.10.2.6,10157,10.10.1.6,11190,48183.69283994747
816.5838351284233,10.10.2.6,10162,10.10.1.16,11023,4649845.4959732
816.6575442995519,10.10.2.6,10124,10.10.1.3,11109,2430.792693829756
816.6894728661315,10.10.2.6,10180,10.10.1.2,11129,112842.339218392
816.8198676572035,10.10.2.6,10074,10.10.1.15,11043,3426.431633779267
816.9161343018752,10.10.2.6,10006,10.10.1.13,11078,1809.9463952722042
816.9632214623637,10.10.2.6,10134,10.10.1.10,11118,1059823.5132758862
817.1689055187614,10.10.2.6,10065,10.10.1.11,11123,19872.22426243474
817.2117636226959,10.10.2.6,10157,10.10.1.12,11116,61513.31984985698
817.2734825967523,10.10.2.6,10160,10.10.1.2,11064,4616.988700839422
817.5077869713434,10.10.2.6,10121,10.10.1.3,11033,35728.21295702801
817.5289021004711,10.10.2.6,10059,10.10.1.14,11086,4605.259324872265
817.5342073189646,10.10.2.6,10062,10.10.1.11,11108,2406.258698812882
817.5660361436574,10.10.2.6,10019,10.10.1.3,11077,83564.55940232426
817.5692609872768,10.10.2.6,10118,10.10.1.7,11087,74887648.6533022
817.5826425546028,10.10.2.6,10126,10.10.1.3,11095,8763.505605548824
817.5963359506939,10.10.2.6,10149,10.10.1.9,11191,43632.12657107841
817.8816022137966,10.10.2.6,10170,10.10.1.12,11026,5251.5319446895855
818.0324458645786,10.10.2.6,10144,10.10.1.14,11085,4256.205385958792
818.0948848937815,10.10.2.6,10054,10.10.1.13,11107,6458.813351104906
818.1654008141461,10.10.2.6,10038,10.10.1.3,11063,4721.489046745331
818.3015785351703,10.10.2.6,10169,10.10.1.12,11050,83131.42037200293
818.3470800726177,10.10.2.6,10069,10.10.1.10,11193,4554.235908399692
818.5322960496538,10.10.2.6,10088,10.10.1.14,11070,7940.330642015044
818.5669476572959,10.10.2.6,10059,10.10.1.12,11025,6331.427250646249
818.5903889176599,10.10.2.6,10168,10.10.1.5,11000,15533.914692910992
818.6452117671719,10.10.2.6,10155,10.10.1.16,11145,36909.56508580272
818.7406931236511,10.10.2.6,10172,10.10.1.1,11028,22677.904297094596
818.7611845843229,10.10.2.6,10187,10.10.1.10,11139,26547.071383782073
818.7658501100854,10.10.2.6,10060,10.10.1.8,11039,8970690.741914345
818.8304794228571,10.10.2.6,10088,10.10.1.14,11024,24243.203050383385
818.8619469822518,10.10.2.6,10168,10.10.1.15,11066,2344.954654753444
819.0509790464953,10.10.2.6,10108,10.10.1.15,11034,175967.74227703217
819.1802152074124,10.10.2.6,10099,10.10.1.11,11096,1901.0332530812386
819.4488914587347,10.10.2.6,10186,10.10.1.14,11086,4501078.604083279
819.4586354489035,10.10.2.6,10031,10.10.1.12,11122,75746493.79777138
819.5641308810708,10.10.2.6,10127,10.10.1.8,11023,20759.216718689033
819.7031254253983,10.10.2.6,10064,10.10.1.14,11133,95677.6561254998
819.9579454739544,10.10.2.6,10192,10.10.1.13,11059,614476.5969094974
819.9924518918806,10.10.2.6,10141,10.10.1.9,11119,24176.955037640313
820.1064505645933,10.10.2.6,10042,10.10.1.5,11157,4697.736384898192
820.1170690291171,10.10.2.6,10179,10.10.1.1,11065,4387.581497401312
820.161288126651,10.10.2.6,10168,10.10.1.6,11185,8460.3565715097
820.2717888221399,10.10.2.6,10050,10.10.1.2,11161,11831.42892200907
820.325027725016,10.10.2.6,10131,10.10.1.7,11177,73552.15492320519
820.3271846381076,10.10.2.6,10061,10.10.1.4,11134,8936.238164968257
820.4024213153689,10.10.2.6,10055,10.10.1.15,11063,5263875.657953126
820.654846902979,10.10.2.6,10063,10.10.1.14,11050,7049.077492977846
820.7829593237784,10.10.2.6,10037,10.10.1.3,11163,22973.70462639182
821.0025961458556,10.10.2.6,10022,10.10.1.15,11037,2250.0339595786186
821.007304768649,10.10.2.6,10130,10.10.1.3,11084,1839.0510207696302
821.1222681488788,10.10.2.6,10037,10.10.1.9,11195,30682.10161347919
821.3788084102064,10.10.2.6,10089,10.10.1.12,11140,3611.352648698422
821.4194552914697,10.10.2.6,10108,10.10.1.9,11045,7256.311438482522
821.422461362104,10.10.2.6,10100,10.10.1.16,11140,20390.223956875405
821.4699330153844,10.10.2.6,10045,10.10.1.4,11005,7422.909210362498
821.519129340262,10.10.2.6,10157,10.10.1.14,11015,4302995.106512617
821.5421586377092,10.10.2.6,10015,10.10.1.2,11035,114856.0466839124
821.5519027513524,10.10.2.6,10132,10.10.1.12,11043,20971.301455844005
821.635711872252,10.10.2.6,10148,10.10.1.6,11142,921509826.4328204
821.7622457499069,10.10.2.6,10022,10.10.1.7,11122,44659.01142003162
821.7905675071016,10.10.2.6,10027,10.10.1.16,11196,18898.879094262218
821.8632840083291,10.10.2.6,10039,10.10.1.13,11038,46507.547580606864
821.8736686268226,10.10.2.6,10002,10.10.1.5,11097,6705.340629100371
822.085236441809,10.10.2.6,10179,10.10.1.4,11138,2174.0981976092658
822.3030354424344,10.10.2.6,10144,10.10.1.1,11191,141187619.9710152
822.3159696215665,10.10.2.6,10152,10.10.1.9,11018,20637.999192152194
822.3350490236284,10.10.2.6,10085,10.10.1.2,11012,40470032.0089415
822.3989334640737,10.10.2.6,10196,10.10.1.12,11101,8150.734335516025
822.5604132510554,10.10.2.6,10185,10.10.1.16,11152,3687.0426744454076
822.6276810500156,10.10.2.6,10176,10.10.1.12,11180,1830.0085251720786
822.6338509329811,10.10.2.6,10135,10.10.1.3,11148,579931.438432057
822.7320570154704,10.10.2.6,10192,10.10.1.5,11100,27116.235914505953
822.781818182047,10.10.2.6,10037,10.10.1.7,11129,5589.816907700891
822.8335183578931,10.10.2.6,10163,10.10.1.12,11086,91254.86045230253
822.9124053251074,10.10.2.6,10155,10.10.1.3,11175,34632625.140964374
823.3374988964905,10.10.2.6,10152,10.10.1.3,11027,32556.353863695625
823.3755775664549,10.10.2.6,10145,10.10.1.14,11193,3087.582738454474
823.3869009497016,10.10.2.6,10163,10.10.1.2,11118,22714.118692457858
823.4649627677628,10.10.2.6,10010,10.10.1.4,11191,96427.2672750191
823.6285658352314,10.10.2.6,10008,10.10.1.1,11138,36860.59115460458
823.6532060104481,10.10.2.6,10045,10.10.1.4,11120,59402.22646620306
823.7267581838861,10.10.2.6,10043,10.10.1.3,11049,34498014.52611893
823.7443479104982,10.10.2.6,10179,10.10.1.8,11071,34783.07804693363
823.7489247651237,10.10.2.6,10168,10.10.1.2,11057,1931.364074256212
823.8181176101199,10.10.2.6,10158,10.10.1.10,11126,4229368.365116253
823.8640956452248,10.10.2.6,10166,10.10.1.16,11145,5893047.756263097
823.883507078207,10.10.2.6,10042,10.10.1.9,11127,5637.441868857438
823.9903625941266,10.10.2.6,10116,10.10.1.3,11106,3326.9444146283427
823.9998745050232,10.10.2.6,10092,10.10.1.6,11179,2344.6318655663163
824.0072049484695,10.10.2.6,10040,10.10.1.3,11027,33779.292892081736
824.0184874560089,10.10.2.6,10142,10.10.1.2,11130,9397.303970614474
824.1854441677536,10.10.2.6,10154,10.10.1.2,11068,2291.266295406594
824.2540432901236,10.10.2.6,10148,10.10.1.9,11123,2559.9174126868315
824.4958008965399,10.10.2.6,10186,10.10.1.14,11181,1029184037.2893307
824.5055626092106,10.10.2.6,10032,10.10.1.1,11082,4810.81435348989
824.5212579187117,10.10.2.6,10070,10.10.1.7,11039,6043.060545716783
824.5786604105151,10.10.2.6,10051,10.10.1.13,11050,30255.00104082462
824.6451441418249,10.10.2.6,10161,10.10.1.12,11177,27802.746806389936
824.7362029914929,10.10.2.6,10197,10.10.1.2,11128,11983.020415101313
824.7636586839992,10.10.2.6,10148,10.10.1.9,11128,64565.84064879227
824.768822930526,10.10.2.6,10115,10.10.1.4,11163,17734.1092167667
824.8478166372662,10.10.2.6,10025,10.10.1.12,11073,7565.148357044025
824.866096703297,10.10.2.6,10015,10.10.1.12,11047,16467.960716273436
825.0101391663661,10.10.2.6,10034,10.10.1.4,11029,3579.3278404181438
825.0152395960174,10.10.2.6,10077,10.10.1.5,11023,5180.989089141521
825.1423386811942,10.10.2.6,10170,10.10.1.6,11187,112658.1733115634
825.2615656910709,10.10.2.6,10114,10.10.1.16,11178,1552.2685579349936
825.3391440696552,10.10.2.6,10052,10.10.1.13,11126,7189.2706938666015
825.5841609059662,10.10.2.6,10051,10.10.1.16,11168,25038.682663408144
825.6162380679643,10.10.2.6,10127,10.10.1.7,11121,39933752.564322054
825.6341422788935,10.10.2.6,10053,10.10.1.7,11086,22485.080270256196
825.642548723581,10.10.2.6,10095,10.10.1.6,11052,6753.862108879377
825.6593202367716,10.10.2.6,10093,10.10.1.6,11030,43434672.7333833
825.6654199076629,10.10.2.6,10087,10.10.1.8,11046,139443085.93592837
825.8212707999893,10.10.2.6,10092,10.10.1.12,11063,34285.94930057652
826.0510214209306,10.10.2.6,10044,10.10.1.5,11164,71352.10600032503
826.1685253349849,10.10.2.6,10102,10.10.1.6,11066,43603536.31835821
826.1708979107825,10.10.2.6,10021,10.10.1.1,11159,32203.38097291421
826.2485217315691,10.10.2.6,10003,10.10.1.9,11087,4228.63186073193
826.3887240989908,10.10.2.6,10091,10.10.1.16,11150,4738.410697347533
826.4040637587902,10.10.2.6,10195,10.10.1.5,11124,4045902.8967619375
826.4123408169821,10.10.2.6,10050,10.10.1.1,11127,9674.098061002333
826.4274566003768,10.10.2.6,10179,10.10.1.3,11073,22475.636369767202
826.4590363857479,10.10.2.6,10001,10.10.1.11,11148,4691810.570425167
826.5072466972621,10.10.2.6,10168,10.10.1.8,11066,5023618.802432799
826.6567612518264,10.10.2.6,10066,10.10.1.5,11158,583017.5624060794
826.6715254502616,10.10.2.6,10020,10.10.1.10,11009,11052841.8466919
826.78253139183,10.10.2.6,10141,10.10.1.1,11062,17581.9389632054
826.8996703498478,10.10.2.6,10152,10.10.1.8,11113,32985.56096234157
826.9145316492547,10.10.2.6,10198,10.10.1.16,11012,21531.04146630998
826.9412374939837,10.10.2.6,10164,10.10.1.15,11102,171133.1414635211
826.9657361660068,10.10.2.6,10170,10.10.1.7,11079,1627.6944628770732
826.9888863066215,10.10.2.6,10126,10.10.1.5,11147,21935.634765352468
827.0988246076965,10.10.2.6,10041,10.10.1.16,11075,128367005.98296507
827.1315827890061,10.10.2.6,10185,10.10.1.8,11163,8979.516995092417
827.147242090358,10.10.2.6,10021,10.10.1.14,11071,48439.00703638759
827.2849326673983,10.10.2.6,10088,10.10.1.14,11119,2136.021573403177
827.4246315144416,10.10.2.6,10155,10.10.1.14,11120,71035568.93001436
827.4594884711536,10.10.2.6,10067,10.10.1.7,11118,107778.34486009087
827.4775816442016,10.10.2.6,10128,10.10.1.9,11191,5671277.58008201
827.5016388436377,10.10.2.6,10134,10.10.1.1,11039,5950.623870946283
827.604236159603,10.10.2.6,10147,10.10.1.8,11098,56760.919812929795
827.6401048874753,10.10.2.6,10159,10.10.1.2,11190,10045.367163603223
827.7129799081255,10.10.2.6,10028,10.10.1.4,11115,26627.565791782876
827.9234748592393,10.10.2.6,10057,10.10.1.15,11193,3130.185623107708
828.4415012784823,10.10.2.6,10050,10.10.1.15,11053,2492.716645678657
828.4971430183074,10.10.2.6,10154,10.10.1.14,11043,4861.93448109589
828.508314416468,10.10.2.6,10006,10.10.1.5,11110,2483.9500493830865
828.5673372311296,10.10.2.6,10176,10.10.1.4,11161,28917.95742872858
828.6080539024776,10.10.2.6,10023,10.10.1.1,11002,8423.177480574108
828.666248252032,10.10.2.6,10052,10.10.1.1,11019,2487.840281200258
828.8532659154998,10.10.2.6,10104,10.10.1.5,11113,4055.7526491850085
828.8872826531043,10.10.2.6,10084,10.10.1.13,11071,23943.562608793316
828.970053162102,10.10.2.6,10076,10.10.1.5,11164,11873.74873327478
829.1756877828755,10.10.2.6,10091,10.10.1.4,11053,1678.2047163600039
829.262409018219,10.10.2.6,10132,10.10.1.1,11108,526880.5336719688
829.3873264014454,10.10.2.6,10089,10.10.1.10,11026,76262672.30868986
829.3973038154678,10.10.2.6,10059,10.10.1.2,11088,21824.93886468776
829.4288498053512,10.10.2.6,10086,10.10.1.2,11089,4168686.726943979
829.5010412649332,10.10.2.6,10122,10.10.1.5,11110,1671.0964850134608
829.5252126728284,10.10.2.6,10072,10.10.1.9,11182,4592.64699574281
829.5851485577524,10.10.2.6,10004,10.10.1.9,11164,3462.5671520680985
829.6338613582768,10.10.2.6,10197,10.10.1.8,11005,40740.63003725384
829.7086773496399,10.10.2.6,10124,10.10.1.13,11113,31864890.512464255
829.8522704910984,10.10.2.6,10108,10.10.1.3,11044,2258.796601698193
829.8700211023503,10.10.2.6,10184,10.10.1.10,11124,19245.24909011277
829.8965342570096,10.10.2.6,10128,10.10.1.8,11063,47510841.073433466
830.2668383936585,10.10.2.6,10088,10.10.1.8,11077,435129.1733269891
830.3468367592086,10.10.2.6,10014,10.10.1.16,11157,5183920.083193712
830.351447445095,10.10.2.6,10118,10.10.1.10,11082,1916.6681125659507
830.5753309026628,10.10.2.6,10153,10.10.1.9,11075,22899.786719889747
830.6083791430071,10.10.2.6,10079,10.10.1.10,11006,11838.478735575482
830.6331077859851,10.10.2.6,10049,10.10.1.4,11137,18909.810664315544
830.8162213232823,10.10.2.6,10031,10.10.1.7,11026,22876.11257110487
831.0507603113634,10.10.2.6,10079,10.10.1.6,11193,22736.754309085605
831.066870620613,10.10.2.6,10189,10.10.1.5,11162,6797.1881677606225
831.0893198805122,10.10.2.6,10155,10.10.1.2,11030,41252.442469044276
831.1752048161616,10.10.2.6,10007,10.10.1.1,11172,2010.8903769956157
831.2745343703156,10.10.2.6,10168,10.10.1.14,11031,3601.063502503075
831.2867027294367,10.10.2.6,10079,10.10.1.4,11022,37704.58971327431
831.6474466686535,10.10.2.6,10004,10.10.1.14,11198,9392.981952118289
831.9470082065737,10.10.2.6,10094,10.10.1.6,11196,8315.239994234307
831.953849686508,10.10.2.6,10116,10.10.1.2,11020,7296.164622688498
832.1083475690625,10.10.2.6,10014,10.10.1.15,11038,2128.662550559092
832.1128036682322,10.10.2.6,10041,10.10.1.13,11197,1649.9670397899704
832.1332696088714,10.10.2.6,10145,10.10.1.1,11072,31561.383231768294
832.173175372271,10.10.2.6,10094,10.10.1.11,11070,1670.4628573482012
832.1876433304287,10.10.2.6,10059,10.10.1.3,11052,9068.302711047156
832.2579719191656,10.10.2.6,10027,10.10.1.11,11057,19282.618194499744
832.4398761827937,10.10.2.6,10171,10.10.1.12,11018,19101.177864894187
832.4674901803406,10.10.2.6,10118,10.10.1.12,11060,1756.2032059222322
832.5675100644182,10.10.2.6,10162,10.10.1.13,11156,16794.003974179835
832.7991657249056,10.10.2.6,10132,10.10.1.9,11117,1166633619.7611227
832.8683316279099,10.10.2.6,10023,10.10.1.3,11045,3896848.3394817645
832.9971129669593,10.10.2.6,10138,10.10.1.15,11153,92636.48228656536
833.0946708105778,10.10.2.6,10021,10.10.1.11,11108,2525.646682690911
833.123071316239,10.10.2.6,10102,10.10.1.9,11181,7861.837116402258
833.2683511519031,10.10.2.6,10007,10.10.1.15,11070,4693.420406374928
833.3318020751856,10.10.2.6,10117,10.10.1.14,11144,2260.9502770837466
833.4506664085812,10.10.2.6,10025,10.10.1.13,11131,2367.7039730178376
833.4520715121237,10.10.2.6,10185,10.10.1.10,11053,4865.059741001103
833.4795422380776,10.10.2.6,10117,10.10.1.14,11164,95829.72573877405
833.500828420946,10.10.2.6,10175,10.10.1.12,11053,91214.97628270605
833.5529970398416,10.10.2.6,10075,10.10.1.10,11031,43941.72177182031
833.6297628142332,10.10.2.6,10058,10.10.1.16,11023,4899442.624299873
